  0.000000000000000E+000 -7.943057773779839E-002
  5.000000000000000E-004 -7.943081685632274E-002
  1.000000000000000E-003 -7.943153017256617E-002
  1.500000000000000E-003 -7.943271165152731E-002
  2.000000000000000E-003 -7.943435529011479E-002
  2.500000000000000E-003 -7.943645511704743E-002
  3.000000000000000E-003 -7.943900519275390E-002
  3.500000000000000E-003 -7.944199960927333E-002
  4.000000000000000E-003 -7.944543249015530E-002
  4.500000000000001E-003 -7.944929799036092E-002
  5.000000000000000E-003 -7.945359029616308E-002
  5.500000000000000E-003 -7.945830362504783E-002
  6.000000000000000E-003 -7.946343222561519E-002
  6.500000000000001E-003 -7.946897037748089E-002
  7.000000000000000E-003 -7.947491239117732E-002
  7.500000000000000E-003 -7.948125260805586E-002
  8.000000000000000E-003 -7.948798540018813E-002
  8.500000000000001E-003 -7.949510517026864E-002
  9.000000000000001E-003 -7.950260635151649E-002
  9.500000000000000E-003 -7.951048340757830E-002
  1.000000000000000E-002 -7.951873083243040E-002
  1.050000000000000E-002 -7.952734315028197E-002
  1.100000000000000E-002 -7.953631491547775E-002
  1.150000000000000E-002 -7.954564071240133E-002
  1.200000000000000E-002 -7.955531515537856E-002
  1.250000000000000E-002 -7.956533288858091E-002
  1.300000000000000E-002 -7.957568858592927E-002
  1.350000000000000E-002 -7.958637695099789E-002
  1.400000000000000E-002 -7.959739271691833E-002
  1.450000000000000E-002 -7.960873064628383E-002
  1.500000000000000E-002 -7.962038553105369E-002
  1.550000000000000E-002 -7.963235219245784E-002
  1.600000000000000E-002 -7.964462548090182E-002
  1.650000000000000E-002 -7.965720027587149E-002
  1.700000000000000E-002 -7.967007148583836E-002
  1.750000000000000E-002 -7.968323404816507E-002
  1.800000000000000E-002 -7.969668292901050E-002
  1.850000000000000E-002 -7.971041312323594E-002
  1.900000000000000E-002 -7.972441965431057E-002
  1.950000000000000E-002 -7.973869757421789E-002
  2.000000000000000E-002 -7.975324196336163E-002
  2.050000000000000E-002 -7.976804793047244E-002
  2.100000000000000E-002 -7.978311061251427E-002
  2.150000000000000E-002 -7.979842517459140E-002
  2.200000000000000E-002 -7.981398680985509E-002
  2.250000000000000E-002 -7.982979073941109E-002
  2.300000000000000E-002 -7.984583221222656E-002
  2.350000000000000E-002 -7.986210650503796E-002
  2.400000000000000E-002 -7.987860892225840E-002
  2.450000000000000E-002 -7.989533479588577E-002
  2.500000000000000E-002 -7.991227948541051E-002
  2.550000000000000E-002 -7.992943837772407E-002
  2.600000000000000E-002 -7.994680688702711E-002
  2.650000000000000E-002 -7.996438045473821E-002
  2.700000000000000E-002 -7.998215454940247E-002
  2.750000000000000E-002 -8.000012466660064E-002
  2.800000000000000E-002 -8.001828632885800E-002
  2.850000000000000E-002 -8.003663508555381E-002
  2.900000000000000E-002 -8.005516651283064E-002
  2.950000000000000E-002 -8.007387621350411E-002
  3.000000000000000E-002 -8.009275981697266E-002
  3.050000000000000E-002 -8.011181297912748E-002
  3.100000000000000E-002 -8.013103138226275E-002
  3.150000000000000E-002 -8.015041073498599E-002
  3.200000000000000E-002 -8.016994677212849E-002
  3.250000000000000E-002 -8.018963525465610E-002
  3.300000000000000E-002 -8.020947196958000E-002
  3.350000000000000E-002 -8.022945272986787E-002
  3.400000000000000E-002 -8.024957337435493E-002
  3.450000000000000E-002 -8.026982976765559E-002
  3.500000000000000E-002 -8.029021780007471E-002
  3.550000000000000E-002 -8.031073338751969E-002
  3.600000000000000E-002 -8.033137247141199E-002
  3.650000000000000E-002 -8.035213101859970E-002
  3.700000000000000E-002 -8.037300502126926E-002
  3.750000000000000E-002 -8.039399049685850E-002
  3.800000000000000E-002 -8.041508348796872E-002
  3.850000000000000E-002 -8.043628006227789E-002
  3.900000000000000E-002 -8.045757631245330E-002
  3.950000000000000E-002 -8.047896835606501E-002
  4.000000000000000E-002 -8.050045233549881E-002
  4.050000000000000E-002 -8.052202441787010E-002
  4.100000000000000E-002 -8.054368079493721E-002
  4.150000000000000E-002 -8.056541768301542E-002
  4.200000000000000E-002 -8.058723132289095E-002
  4.250000000000000E-002 -8.060911797973512E-002
  4.300000000000000E-002 -8.063107394301859E-002
  4.350000000000000E-002 -8.065309552642617E-002
  4.400000000000000E-002 -8.067517906777115E-002
  4.450000000000000E-002 -8.069732092891053E-002
  4.500000000000000E-002 -8.071951749565981E-002
  4.550000000000000E-002 -8.074176517770831E-002
  4.600000000000000E-002 -8.076406040853445E-002
  4.650000000000000E-002 -8.078639964532161E-002
  4.700000000000000E-002 -8.080877936887337E-002
  4.750000000000000E-002 -8.083119608352991E-002
  4.800000000000000E-002 -8.085364631708369E-002
  4.850000000000000E-002 -8.087612662069600E-002
  4.900000000000000E-002 -8.089863356881309E-002
  4.950000000000000E-002 -8.092116375908305E-002
  5.000000000000000E-002 -8.094371381227221E-002
  5.050000000000000E-002 -8.096628037218247E-002
  5.100000000000000E-002 -8.098886010556804E-002
  5.150000000000000E-002 -8.101144970205297E-002
  5.200000000000000E-002 -8.103404587404836E-002
  5.250000000000000E-002 -8.105664535667018E-002
  5.300000000000000E-002 -8.107924490765682E-002
  5.350000000000000E-002 -8.110184130728731E-002
  5.400000000000000E-002 -8.112443135829911E-002
  5.450000000000000E-002 -8.114701188580670E-002
  5.500000000000000E-002 -8.116957973721980E-002
  5.550000000000000E-002 -8.119213178216211E-002
  5.600000000000000E-002 -8.121466491238999E-002
  5.650000000000000E-002 -8.123717604171171E-002
  5.700000000000000E-002 -8.125966210590613E-002
  5.750000000000000E-002 -8.128212006264235E-002
  5.800000000000000E-002 -8.130454689139895E-002
  5.850000000000000E-002 -8.132693959338380E-002
  5.900000000000000E-002 -8.134929519145373E-002
  5.950000000000000E-002 -8.137161073003459E-002
  6.000000000000000E-002 -8.139388327504121E-002
  6.050000000000000E-002 -8.141610991379791E-002
  6.100000000000000E-002 -8.143828775495887E-002
  6.150000000000000E-002 -8.146041392842865E-002
  6.200000000000000E-002 -8.148248558528325E-002
  6.250000000000000E-002 -8.150449989769086E-002
  6.300000000000000E-002 -8.152645405883306E-002
  6.350000000000000E-002 -8.154834528282606E-002
  6.400000000000000E-002 -8.157017080464235E-002
  6.450000000000000E-002 -8.159192788003211E-002
  6.500000000000000E-002 -8.161361378544513E-002
  6.550000000000000E-002 -8.163522581795268E-002
  6.600000000000000E-002 -8.165676129516981E-002
  6.650000000000000E-002 -8.167821755517744E-002
  6.700000000000000E-002 -8.169959195644495E-002
  6.750000000000000E-002 -8.172088187775273E-002
  6.800000000000000E-002 -8.174208471811499E-002
  6.850000000000001E-002 -8.176319789670281E-002
  6.900000000000001E-002 -8.178421885276702E-002
  6.950000000000001E-002 -8.180514504556173E-002
  7.000000000000001E-002 -8.182597395426761E-002
  7.050000000000001E-002 -8.184670307791565E-002
  7.100000000000001E-002 -8.186732993531075E-002
  7.150000000000001E-002 -8.188785206495575E-002
  7.200000000000001E-002 -8.190826702497554E-002
  7.250000000000000E-002 -8.192857239304144E-002
  7.300000000000000E-002 -8.194876576629527E-002
  7.350000000000000E-002 -8.196884476127431E-002
  7.400000000000000E-002 -8.198880701383593E-002
  7.450000000000000E-002 -8.200865017908235E-002
  7.500000000000000E-002 -8.202837193128600E-002
  7.550000000000000E-002 -8.204796996381451E-002
  7.600000000000000E-002 -8.206744198905633E-002
  7.650000000000000E-002 -8.208678573834598E-002
  7.700000000000000E-002 -8.210599896189019E-002
  7.750000000000000E-002 -8.212507942869343E-002
  7.800000000000000E-002 -8.214402492648419E-002
  7.850000000000000E-002 -8.216283326164102E-002
  7.900000000000000E-002 -8.218150225911910E-002
  7.950000000000000E-002 -8.220002976237653E-002
  8.000000000000000E-002 -8.221841363330126E-002
  8.050000000000000E-002 -8.223665175213776E-002
  8.100000000000000E-002 -8.225474201741421E-002
  8.150000000000000E-002 -8.227268234586947E-002
  8.200000000000000E-002 -8.229047067238066E-002
  8.250000000000000E-002 -8.230810494989037E-002
  8.300000000000000E-002 -8.232558314933465E-002
  8.350000000000000E-002 -8.234290325957047E-002
  8.400000000000001E-002 -8.236006328730405E-002
  8.450000000000001E-002 -8.237706125701871E-002
  8.500000000000001E-002 -8.239389521090335E-002
  8.550000000000001E-002 -8.241056320878072E-002
  8.600000000000001E-002 -8.242706332803634E-002
  8.650000000000001E-002 -8.244339366354690E-002
  8.700000000000001E-002 -8.245955232760950E-002
  8.750000000000001E-002 -8.247553744987052E-002
  8.799999999999999E-002 -8.249134717725504E-002
  8.850000000000000E-002 -8.250697967389611E-002
  8.900000000000000E-002 -8.252243312106443E-002
  8.950000000000000E-002 -8.253770571709798E-002
  9.000000000000000E-002 -8.255279567733199E-002
  9.050000000000000E-002 -8.256770123402885E-002
  9.100000000000000E-002 -8.258242063630845E-002
  9.150000000000000E-002 -8.259695215007844E-002
  9.200000000000000E-002 -8.261129405796480E-002
  9.250000000000000E-002 -8.262544465924242E-002
  9.300000000000000E-002 -8.263940226976604E-002
  9.350000000000000E-002 -8.265316522190111E-002
  9.400000000000000E-002 -8.266673186445511E-002
  9.450000000000000E-002 -8.268010056260855E-002
  9.500000000000000E-002 -8.269326969784677E-002
  9.550000000000000E-002 -8.270623766789123E-002
  9.600000000000000E-002 -8.271900288663152E-002
  9.650000000000000E-002 -8.273156378405706E-002
  9.700000000000000E-002 -8.274391880618948E-002
  9.750000000000000E-002 -8.275606641501437E-002
  9.800000000000000E-002 -8.276800508841424E-002
  9.850000000000000E-002 -8.277973332010057E-002
  9.900000000000000E-002 -8.279124961954679E-002
  9.950000000000001E-002 -8.280255251192102E-002
  0.100000000000000      -8.281364053801911E-002
  0.100500000000000      -8.282451225419774E-002
  0.101000000000000      -8.283516623230786E-002
  0.101500000000000      -8.284560105962799E-002
  0.102000000000000      -8.285581533879800E-002
  0.102500000000000      -8.286580768775278E-002
  0.103000000000000      -8.287557673965616E-002
  0.103500000000000      -8.288512114283506E-002
  0.104000000000000      -8.289443956071375E-002
  0.104500000000000      -8.290353067174805E-002
  0.105000000000000      -8.291239316936021E-002
  0.105500000000000      -8.292102576187317E-002
  0.106000000000000      -8.292942717244584E-002
  0.106500000000000      -8.293759613900774E-002
  0.107000000000000      -8.294553141419442E-002
  0.107500000000000      -8.295323176528260E-002
  0.108000000000000      -8.296069597412571E-002
  0.108500000000000      -8.296792283708943E-002
  0.109000000000000      -8.297491116498752E-002
  0.109500000000000      -8.298165978301766E-002
  0.110000000000000      -8.298816753069771E-002
  0.110500000000000      -8.299443326180149E-002
  0.111000000000000      -8.300045584429573E-002
  0.111500000000000      -8.300623416027603E-002
  0.112000000000000      -8.301176710590397E-002
  0.112500000000000      -8.301705359134358E-002
  0.113000000000000      -8.302209254069860E-002
  0.113500000000000      -8.302688289194939E-002
  0.114000000000000      -8.303142359689034E-002
  0.114500000000000      -8.303571362106707E-002
  0.115000000000000      -8.303975194371441E-002
  0.115500000000000      -8.304353755769360E-002
  0.116000000000000      -8.304706946943061E-002
  0.116500000000000      -8.305034669885386E-002
  0.117000000000000      -8.305336827933257E-002
  0.117500000000000      -8.305613325761498E-002
  0.118000000000000      -8.305864069376681E-002
  0.118500000000000      -8.306088966110990E-002
  0.119000000000000      -8.306287924616106E-002
  0.119500000000000      -8.306460854857078E-002
  0.120000000000000      -8.306607668106251E-002
  0.120500000000000      -8.306728276937167E-002
  0.121000000000000      -8.306822595218522E-002
  0.121500000000000      -8.306890538108090E-002
  0.122000000000000      -8.306932022046705E-002
  0.122500000000000      -8.306946964752246E-002
  0.123000000000000      -8.306935285213626E-002
  0.123500000000000      -8.306896903684792E-002
  0.124000000000000      -8.306831741678744E-002
  0.124500000000000      -8.306739721961609E-002
  0.125000000000000      -8.306620768546664E-002
  0.125500000000000      -8.306474806688398E-002
  0.126000000000000      -8.306301762876622E-002
  0.126500000000000      -8.306101564830545E-002
  0.127000000000000      -8.305874141492899E-002
  0.127500000000000      -8.305619423024056E-002
  0.128000000000000      -8.305337340796164E-002
  0.128500000000000      -8.305027827387323E-002
  0.129000000000000      -8.304690816575745E-002
  0.129500000000000      -8.304326243333922E-002
  0.130000000000000      -8.303934043822853E-002
  0.130500000000000      -8.303514155386232E-002
  0.131000000000000      -8.303066516544713E-002
  0.131500000000000      -8.302591066990100E-002
  0.132000000000000      -8.302087747579648E-002
  0.132500000000000      -8.301556500330314E-002
  0.133000000000000      -8.300997268413053E-002
  0.133500000000000      -8.300409996147111E-002
  0.134000000000000      -8.299794628994335E-002
  0.134500000000000      -8.299151113553520E-002
  0.135000000000000      -8.298479397554739E-002
  0.135500000000000      -8.297779429853695E-002
  0.136000000000000      -8.297051160426108E-002
  0.136500000000000      -8.296294540362097E-002
  0.137000000000000      -8.295509521860575E-002
  0.137500000000000      -8.294696058223668E-002
  0.138000000000000      -8.293854103851135E-002
  0.138500000000000      -8.292983614234839E-002
  0.139000000000000      -8.292084545953170E-002
  0.139500000000000      -8.291156856665539E-002
  0.140000000000000      -8.290200505106854E-002
  0.140500000000000      -8.289215451082027E-002
  0.141000000000000      -8.288201655460489E-002
  0.141500000000000      -8.287159080170707E-002
  0.142000000000000      -8.286087688194732E-002
  0.142500000000000      -8.284987443562776E-002
  0.143000000000000      -8.283858311347750E-002
  0.143500000000000      -8.282700257659867E-002
  0.144000000000000      -8.281513249641240E-002
  0.144500000000000      -8.280297255460496E-002
  0.145000000000000      -8.279052244307394E-002
  0.145500000000000      -8.277778186387484E-002
  0.146000000000000      -8.276475052916742E-002
  0.146500000000000      -8.275142816116254E-002
  0.147000000000000      -8.273781449206884E-002
  0.147500000000000      -8.272390926403993E-002
  0.148000000000000      -8.270971222912124E-002
  0.148500000000000      -8.269522314919757E-002
  0.149000000000000      -8.268044179594022E-002
  0.149500000000000      -8.266536795075458E-002
  0.150000000000000      -8.265000140472785E-002
  0.150500000000000      -8.263434195857693E-002
  0.151000000000000      -8.261838942259606E-002
  0.151500000000000      -8.260214361660533E-002
  0.152000000000000      -8.258560436989841E-002
  0.152500000000000      -8.256877152119145E-002
  0.153000000000000      -8.255164491857102E-002
  0.153500000000000      -8.253422441944325E-002
  0.154000000000000      -8.251650989048216E-002
  0.154500000000000      -8.249850120757900E-002
  0.155000000000000      -8.248019825579080E-002
  0.155500000000000      -8.246160092929011E-002
  0.156000000000000      -8.244270913131380E-002
  0.156500000000000      -8.242352277411287E-002
  0.157000000000000      -8.240404177890190E-002
  0.157500000000000      -8.238426607580886E-002
  0.158000000000000      -8.236419560382466E-002
  0.158500000000000      -8.234383031075380E-002
  0.159000000000000      -8.232317015316377E-002
  0.159500000000000      -8.230221509633588E-002
  0.160000000000000      -8.228096511421537E-002
  0.160500000000000      -8.225942018936205E-002
  0.161000000000000      -8.223758031290093E-002
  0.161500000000000      -8.221544548447322E-002
  0.162000000000000      -8.219301571218685E-002
  0.162500000000000      -8.217029101256818E-002
  0.163000000000000      -8.214727141051259E-002
  0.163500000000000      -8.212395693923631E-002
  0.164000000000000      -8.210034764022760E-002
  0.164500000000000      -8.207644356319857E-002
  0.165000000000000      -8.205224476603676E-002
  0.165500000000000      -8.202775131475723E-002
  0.166000000000000      -8.200296328345436E-002
  0.166500000000000      -8.197788075425429E-002
  0.167000000000000      -8.195250381726682E-002
  0.167500000000000      -8.192683257053829E-002
  0.168000000000000      -8.190086712000370E-002
  0.168500000000000      -8.187460757943976E-002
  0.169000000000000      -8.184805407041745E-002
  0.169500000000000      -8.182120672225518E-002
  0.170000000000000      -8.179406567197164E-002
  0.170500000000000      -8.176663106423933E-002
  0.171000000000000      -8.173890305133755E-002
  0.171500000000000      -8.171088179310626E-002
  0.172000000000000      -8.168256745689935E-002
  0.172500000000000      -8.165396021753867E-002
  0.173000000000000      -8.162506025726760E-002
  0.173500000000000      -8.159586776570549E-002
  0.174000000000000      -8.156638293980138E-002
  0.174500000000000      -8.153660598378855E-002
  0.175000000000000      -8.150653710913865E-002
  0.175500000000000      -8.147617653451657E-002
  0.176000000000000      -8.144552448573493E-002
  0.176500000000000      -8.141458119570871E-002
  0.177000000000000      -8.138334690441056E-002
  0.177500000000000      -8.135182185882552E-002
  0.178000000000000      -8.132000631290631E-002
  0.178500000000000      -8.128790052752867E-002
  0.179000000000000      -8.125550477044687E-002
  0.179500000000000      -8.122281931624910E-002
  0.180000000000000      -8.118984444631337E-002
  0.180500000000000      -8.115658044876310E-002
  0.181000000000000      -8.112302761842340E-002
  0.181500000000000      -8.108918625677690E-002
  0.182000000000000      -8.105505667192008E-002
  0.182500000000000      -8.102063917851950E-002
  0.183000000000000      -8.098593409776847E-002
  0.183500000000000      -8.095094175734356E-002
  0.184000000000000      -8.091566249136130E-002
  0.184500000000000      -8.088009664033492E-002
  0.185000000000000      -8.084424455113169E-002
  0.185500000000000      -8.080810657692966E-002
  0.186000000000000      -8.077168307717518E-002
  0.186500000000000      -8.073497441753999E-002
  0.187000000000000      -8.069798096987894E-002
  0.187500000000000      -8.066070311218770E-002
  0.188000000000000      -8.062314122856012E-002
  0.188500000000000      -8.058529570914645E-002
  0.189000000000000      -8.054716695011116E-002
  0.189500000000000      -8.050875535359131E-002
  0.190000000000000      -8.047006132765440E-002
  0.190500000000000      -8.043108528625707E-002
  0.191000000000000      -8.039182764920363E-002
  0.191500000000000      -8.035228884210448E-002
  0.192000000000000      -8.031246929633493E-002
  0.192500000000000      -8.027236944899412E-002
  0.193000000000000      -8.023198974286407E-002
  0.193500000000000      -8.019133062636886E-002
  0.194000000000000      -8.015039255353358E-002
  0.194500000000000      -8.010917598394407E-002
  0.195000000000000      -8.006768138270620E-002
  0.195500000000000      -8.002590922040573E-002
  0.196000000000000      -7.998385997306776E-002
  0.196500000000000      -7.994153412211676E-002
  0.197000000000000      -7.989893215433665E-002
  0.197500000000000      -7.985605456183092E-002
  0.198000000000000      -7.981290184198268E-002
  0.198500000000000      -7.976947449741516E-002
  0.199000000000000      -7.972577303595231E-002
  0.199500000000000      -7.968179797057931E-002
  0.200000000000000      -7.963754981940327E-002
  0.200500000000000      -7.959302910561410E-002
  0.201000000000000      -7.954823635744565E-002
  0.201500000000000      -7.950317210813676E-002
  0.202000000000000      -7.945783689589232E-002
  0.202500000000000      -7.941223126384478E-002
  0.203000000000000      -7.936635576001558E-002
  0.203500000000000      -7.932021093727697E-002
  0.204000000000000      -7.927379735331323E-002
  0.204500000000000      -7.922711557058293E-002
  0.205000000000000      -7.918016615628083E-002
  0.205500000000000      -7.913294968229993E-002
  0.206000000000000      -7.908546672519348E-002
  0.206500000000000      -7.903771786613759E-002
  0.207000000000000      -7.898970369089356E-002
  0.207500000000000      -7.894142478977050E-002
  0.208000000000000      -7.889288175758778E-002
  0.208500000000000      -7.884407519363817E-002
  0.209000000000000      -7.879500570165071E-002
  0.209500000000000      -7.874567388975338E-002
  0.210000000000000      -7.869608037043688E-002
  0.210500000000000      -7.864622576051729E-002
  0.211000000000000      -7.859611068110002E-002
  0.211500000000000      -7.854573575754292E-002
  0.212000000000000      -7.849510161942025E-002
  0.212500000000000      -7.844420890048612E-002
  0.213000000000000      -7.839305823863871E-002
  0.213500000000000      -7.834165027588397E-002
  0.214000000000000      -7.828998565829998E-002
  0.214500000000000      -7.823806503600092E-002
  0.215000000000000      -7.818588906310178E-002
  0.215500000000000      -7.813345839768250E-002
  0.216000000000000      -7.808077370175281E-002
  0.216500000000000      -7.802783564121669E-002
  0.217000000000000      -7.797464488583741E-002
  0.217500000000000      -7.792120210920245E-002
  0.218000000000000      -7.786750798868843E-002
  0.218500000000000      -7.781356320542636E-002
  0.219000000000000      -7.775936844426706E-002
  0.219500000000000      -7.770492439374628E-002
  0.220000000000000      -7.765023174605060E-002
  0.220500000000000      -7.759529119698268E-002
  0.221000000000000      -7.754010344592742E-002
  0.221500000000000      -7.748466919581738E-002
  0.222000000000000      -7.742898915309937E-002
  0.222500000000000      -7.737306402769983E-002
  0.223000000000000      -7.731689453299183E-002
  0.223500000000000      -7.726048138576068E-002
  0.224000000000000      -7.720382530617098E-002
  0.224500000000000      -7.714692701773276E-002
  0.225000000000000      -7.708978724726848E-002
  0.225500000000000      -7.703240672487958E-002
  0.226000000000000      -7.697478618391361E-002
  0.226500000000000      -7.691692636093102E-002
  0.227000000000000      -7.685882799567262E-002
  0.227500000000000      -7.680049183102650E-002
  0.228000000000000      -7.674191861299562E-002
  0.228500000000000      -7.668310909066524E-002
  0.229000000000000      -7.662406401617050E-002
  0.229500000000000      -7.656478414466412E-002
  0.230000000000000      -7.650527023428438E-002
  0.230500000000000      -7.644552304612270E-002
  0.231000000000000      -7.638554334419215E-002
  0.231500000000000      -7.632533189539525E-002
  0.232000000000000      -7.626488946949248E-002
  0.232500000000000      -7.620421683907046E-002
  0.233000000000000      -7.614331477951072E-002
  0.233500000000000      -7.608218406895800E-002
  0.234000000000000      -7.602082548828933E-002
  0.234500000000000      -7.595923982108246E-002
  0.235000000000000      -7.589742785358530E-002
  0.235500000000000      -7.583539037468442E-002
  0.236000000000000      -7.577312817587485E-002
  0.236500000000000      -7.571064205122871E-002
  0.237000000000000      -7.564793279736520E-002
  0.237500000000000      -7.558500121341963E-002
  0.238000000000000      -7.552184810101345E-002
  0.238500000000000      -7.545847426422357E-002
  0.239000000000000      -7.539488050955263E-002
  0.239500000000000      -7.533106764589853E-002
  0.240000000000000      -7.526703648452486E-002
  0.240500000000000      -7.520278783903075E-002
  0.241000000000000      -7.513832252532139E-002
  0.241500000000000      -7.507364136157829E-002
  0.242000000000000      -7.500874516822995E-002
  0.242500000000000      -7.494363476792217E-002
  0.243000000000000      -7.487831098548893E-002
  0.243500000000000      -7.481277464792338E-002
  0.244000000000000      -7.474702658434856E-002
  0.244500000000000      -7.468106762598843E-002
  0.245000000000000      -7.461489860613917E-002
  0.245500000000000      -7.454852036014041E-002
  0.246000000000000      -7.448193372534649E-002
  0.246500000000000      -7.441513954109807E-002
  0.247000000000000      -7.434813864869357E-002
  0.247500000000000      -7.428093189136106E-002
  0.248000000000000      -7.421352011422994E-002
  0.248500000000000      -7.414590416430282E-002
  0.249000000000000      -7.407808489042754E-002
  0.249500000000000      -7.401006314326952E-002
  0.250000000000000      -7.394183977528362E-002
  0.250500000000000      -7.387341564068678E-002
  0.251000000000000      -7.380479159543026E-002
  0.251500000000000      -7.373596849717234E-002
  0.252000000000000      -7.366694720525101E-002
  0.252500000000000      -7.359772858065645E-002
  0.253000000000000      -7.352831348600425E-002
  0.253500000000000      -7.345870278550816E-002
  0.254000000000000      -7.338889734495331E-002
  0.254500000000000      -7.331889803166926E-002
  0.255000000000000      -7.324870571450336E-002
  0.255500000000000      -7.317832126379423E-002
  0.256000000000000      -7.310774555134515E-002
  0.256500000000000      -7.303697945039772E-002
  0.257000000000000      -7.296602383560546E-002
  0.257500000000000      -7.289487958300785E-002
  0.258000000000000      -7.282354757000412E-002
  0.258500000000000      -7.275202867532719E-002
  0.259000000000000      -7.268032377901797E-002
  0.259500000000000      -7.260843376239946E-002
  0.260000000000000      -7.253635950805129E-002
  0.260500000000000      -7.246410189978388E-002
  0.261000000000000      -7.239166182261311E-002
  0.261500000000000      -7.231904016273515E-002
  0.262000000000000      -7.224623780750089E-002
  0.262500000000000      -7.217325564539105E-002
  0.263000000000000      -7.210009456599095E-002
  0.263500000000000      -7.202675545996579E-002
  0.264000000000000      -7.195323921903561E-002
  0.264500000000000      -7.187954673595064E-002
  0.265000000000000      -7.180567890446665E-002
  0.265500000000000      -7.173163661932051E-002
  0.266000000000000      -7.165742077620564E-002
  0.266500000000000      -7.158303227174770E-002
  0.267000000000000      -7.150847200348041E-002
  0.267500000000000      -7.143374086982147E-002
  0.268000000000000      -7.135883977004850E-002
  0.268500000000000      -7.128376960427503E-002
  0.269000000000000      -7.120853127342668E-002
  0.269500000000000      -7.113312567921774E-002
  0.270000000000000      -7.105755372412721E-002
  0.270500000000000      -7.098181631137539E-002
  0.271000000000000      -7.090591434490043E-002
  0.271500000000000      -7.082984872933523E-002
  0.272000000000000      -7.075362036998395E-002
  0.272500000000000      -7.067723017279898E-002
  0.273000000000000      -7.060067904435788E-002
  0.273500000000000      -7.052396789184075E-002
  0.274000000000000      -7.044709762300701E-002
  0.274500000000000      -7.037006914617289E-002
  0.275000000000000      -7.029288337018878E-002
  0.275500000000000      -7.021554120441674E-002
  0.276000000000000      -7.013804355870810E-002
  0.276500000000000      -7.006039134338096E-002
  0.277000000000000      -6.998258546919814E-002
  0.277500000000000      -6.990462684734504E-002
  0.278000000000000      -6.982651638940764E-002
  0.278500000000000      -6.974825500735032E-002
  0.279000000000000      -6.966984361349436E-002
  0.279500000000000      -6.959128312049603E-002
  0.280000000000000      -6.951257444132505E-002
  0.280500000000000      -6.943371848924287E-002
  0.281000000000000      -6.935471617778137E-002
  0.281500000000000      -6.927556842072154E-002
  0.282000000000000      -6.919627613207219E-002
  0.282500000000000      -6.911684022604871E-002
  0.283000000000000      -6.903726161705215E-002
  0.283500000000000      -6.895754121964819E-002
  0.284000000000000      -6.887767994854635E-002
  0.284500000000000      -6.879767871857903E-002
  0.285000000000000      -6.871753844468111E-002
  0.285500000000000      -6.863726004186915E-002
  0.286000000000000      -6.855684442522109E-002
  0.286500000000000      -6.847629250985576E-002
  0.287000000000000      -6.839560521091245E-002
  0.287500000000000      -6.831478344353112E-002
  0.288000000000000      -6.823382812283191E-002
  0.288500000000000      -6.815274016389535E-002
  0.289000000000000      -6.807152048174235E-002
  0.289500000000000      -6.799016999131441E-002
  0.290000000000000      -6.790868960745393E-002
  0.290500000000000      -6.782708024488462E-002
  0.291000000000000      -6.774534281819186E-002
  0.291500000000000      -6.766347824180328E-002
  0.292000000000000      -6.758148742996954E-002
  0.292500000000000      -6.749937129674499E-002
  0.293000000000000      -6.741713075596845E-002
  0.293500000000000      -6.733476672124421E-002
  0.294000000000000      -6.725228010592312E-002
  0.294500000000000      -6.716967182308366E-002
  0.295000000000000      -6.708694278551314E-002
  0.295500000000000      -6.700409390568889E-002
  0.296000000000000      -6.692112609575997E-002
  0.296500000000000      -6.683804026752842E-002
  0.297000000000000      -6.675483733243084E-002
  0.297500000000000      -6.667151820152016E-002
  0.298000000000000      -6.658808378544741E-002
  0.298500000000000      -6.650453499444356E-002
  0.299000000000000      -6.642087273830140E-002
  0.299500000000000      -6.633709792635761E-002
  0.300000000000000      -6.625321146747505E-002
  0.300500000000000      -6.616921427002477E-002
  0.301000000000000      -6.608510724186845E-002
  0.301500000000000      -6.600089129034069E-002
  0.302000000000000      -6.591656732223167E-002
  0.302500000000000      -6.583213624376970E-002
  0.303000000000000      -6.574759896060374E-002
  0.303500000000000      -6.566295637778627E-002
  0.304000000000000      -6.557820939975628E-002
  0.304500000000000      -6.549335893032206E-002
  0.305000000000000      -6.540840587264418E-002
  0.305500000000000      -6.532335112921875E-002
  0.306000000000000      -6.523819560186064E-002
  0.306500000000000      -6.515294019168674E-002
  0.307000000000000      -6.506758579909924E-002
  0.307500000000000      -6.498213332376933E-002
  0.308000000000000      -6.489658366462060E-002
  0.308500000000000      -6.481093771981286E-002
  0.309000000000000      -6.472519638672566E-002
  0.309500000000000      -6.463936056194232E-002
  0.310000000000000      -6.455343114123380E-002
  0.310500000000000      -6.446740901954270E-002
  0.311000000000000      -6.438129509096735E-002
  0.311500000000000      -6.429509024874595E-002
  0.312000000000000      -6.420879538524100E-002
  0.312500000000000      -6.412241139192354E-002
  0.313000000000000      -6.403593915935757E-002
  0.313500000000000      -6.394937957718463E-002
  0.314000000000000      -6.386273353410851E-002
  0.314500000000000      -6.377600191787987E-002
  0.315000000000000      -6.368918561528095E-002
  0.315500000000000      -6.360228551211057E-002
  0.316000000000000      -6.351530249316914E-002
  0.316500000000000      -6.342823744224362E-002
  0.317000000000000      -6.334109124209265E-002
  0.317500000000000      -6.325386477443178E-002
  0.318000000000000      -6.316655891991887E-002
  0.318500000000000      -6.307917455813947E-002
  0.319000000000000      -6.299171256759215E-002
  0.319500000000000      -6.290417382567411E-002
  0.320000000000000      -6.281655920866709E-002
  0.320500000000000      -6.272886959172282E-002
  0.321000000000000      -6.264110584884888E-002
  0.321500000000000      -6.255326885289460E-002
  0.322000000000000      -6.246535947553725E-002
  0.322500000000000      -6.237737858726789E-002
  0.323000000000000      -6.228932705737751E-002
  0.323500000000000      -6.220120575394348E-002
  0.324000000000000      -6.211301554381566E-002
  0.324500000000000      -6.202475729260298E-002
  0.325000000000000      -6.193643186465975E-002
  0.325500000000000      -6.184804012307236E-002
  0.326000000000000      -6.175958292964592E-002
  0.326500000000000      -6.167106114489102E-002
  0.327000000000000      -6.158247562801041E-002
  0.327500000000000      -6.149382723688606E-002
  0.328000000000000      -6.140511682806610E-002
  0.328500000000000      -6.131634525675193E-002
  0.329000000000000      -6.122751337678516E-002
  0.329500000000000      -6.113862204063515E-002
  0.330000000000000      -6.104967209938614E-002
  0.330500000000000      -6.096066440272470E-002
  0.331000000000000      -6.087159979892710E-002
  0.331500000000000      -6.078247913484704E-002
  0.332000000000000      -6.069330325590314E-002
  0.332500000000000      -6.060407300606682E-002
  0.333000000000000      -6.051478922784988E-002
  0.333500000000000      -6.042545276229259E-002
  0.334000000000000      -6.033606444895152E-002
  0.334500000000000      -6.024662512588767E-002
  0.335000000000000      -6.015713562965450E-002
  0.335500000000000      -6.006759679528617E-002
  0.336000000000000      -5.997800945628586E-002
  0.336500000000000      -5.988837444461412E-002
  0.337000000000000      -5.979869259067726E-002
  0.337500000000000      -5.970896472331584E-002
  0.338000000000000      -5.961919166979342E-002
  0.338500000000000      -5.952937425578514E-002
  0.339000000000000      -5.943951330536641E-002
  0.339500000000000      -5.934960964100184E-002
  0.340000000000000      -5.925966408353413E-002
  0.340500000000000      -5.916967745217316E-002
  0.341000000000000      -5.907965056448476E-002
  0.341500000000000      -5.898958423638020E-002
  0.342000000000000      -5.889947928210523E-002
  0.342500000000000      -5.880933651422943E-002
  0.343000000000000      -5.871915674363562E-002
  0.343500000000000      -5.862894077950916E-002
  0.344000000000000      -5.853868942932773E-002
  0.344500000000000      -5.844840349885087E-002
  0.345000000000000      -5.835808379210945E-002
  0.345500000000000      -5.826773111139569E-002
  0.346000000000000      -5.817734625725294E-002
  0.346500000000000      -5.808693002846557E-002
  0.347000000000000      -5.799648322204898E-002
  0.347500000000000      -5.790600663323960E-002
  0.348000000000000      -5.781550105548517E-002
  0.348500000000000      -5.772496728043487E-002
  0.349000000000000      -5.763440609792966E-002
  0.349500000000000      -5.754381829599257E-002
  0.350000000000000      -5.745320466081930E-002
  0.350500000000000      -5.736256597676868E-002
  0.351000000000000      -5.727190302635309E-002
  0.351500000000000      -5.718121659022946E-002
  0.352000000000000      -5.709050744718978E-002
  0.352500000000000      -5.699977637415203E-002
  0.353000000000000      -5.690902414615104E-002
  0.353500000000000      -5.681825153632942E-002
  0.354000000000000      -5.672745931592866E-002
  0.354500000000000      -5.663664825428030E-002
  0.355000000000000      -5.654581911879708E-002
  0.355500000000000      -5.645497267496412E-002
  0.356000000000000      -5.636410968633029E-002
  0.356500000000000      -5.627323091449976E-002
  0.357000000000000      -5.618233711912348E-002
  0.357500000000000      -5.609142905789048E-002
  0.358000000000000      -5.600050748651970E-002
  0.358500000000000      -5.590957315875177E-002
  0.359000000000000      -5.581862682634067E-002
  0.359500000000000      -5.572766923904553E-002
  0.360000000000000      -5.563670114462262E-002
  0.360500000000000      -5.554572328881745E-002
  0.361000000000000      -5.545473641535664E-002
  0.361500000000000      -5.536374126594022E-002
  0.362000000000000      -5.527273858023367E-002
  0.362500000000000      -5.518172909586039E-002
  0.363000000000000      -5.509071354839393E-002
  0.363500000000000      -5.499969267135043E-002
  0.364000000000000      -5.490866719618111E-002
  0.364500000000000      -5.481763785226491E-002
  0.365000000000000      -5.472660536690103E-002
  0.365500000000000      -5.463557046530169E-002
  0.366000000000000      -5.454453387058482E-002
  0.366500000000000      -5.445349630376703E-002
  0.367000000000000      -5.436245848375649E-002
  0.367500000000000      -5.427142112734581E-002
  0.368000000000000      -5.418038494920524E-002
  0.368500000000000      -5.408935066187572E-002
  0.369000000000000      -5.399831897576203E-002
  0.369500000000000      -5.390729059912622E-002
  0.370000000000000      -5.381626623808067E-002
  0.370500000000000      -5.372524659658176E-002
  0.371000000000000      -5.363423237642322E-002
  0.371500000000000      -5.354322427722964E-002
  0.372000000000000      -5.345222299645008E-002
  0.372500000000000      -5.336122922935180E-002
  0.373000000000000      -5.327024366901408E-002
  0.373500000000000      -5.317926700632170E-002
  0.374000000000000      -5.308829992995923E-002
  0.374500000000000      -5.299734312640469E-002
  0.375000000000000      -5.290639727992371E-002
  0.375500000000000      -5.281546307256354E-002
  0.376000000000000      -5.272454118414714E-002
  0.376500000000000      -5.263363229226757E-002
  0.377000000000000      -5.254273707228219E-002
  0.377500000000000      -5.245185619730682E-002
  0.378000000000000      -5.236099033821046E-002
  0.378500000000000      -5.227014016360956E-002
  0.379000000000000      -5.217930633986272E-002
  0.379500000000000      -5.208848953106508E-002
  0.380000000000000      -5.199769039904318E-002
  0.380500000000000      -5.190690960334968E-002
  0.381000000000000      -5.181614780125816E-002
  0.381500000000000      -5.172540564775795E-002
  0.382000000000000      -5.163468379554901E-002
  0.382500000000000      -5.154398289503709E-002
  0.383000000000000      -5.145330359432881E-002
  0.383500000000000      -5.136264653922654E-002
  0.384000000000000      -5.127201237322384E-002
  0.384500000000000      -5.118140173750067E-002
  0.385000000000000      -5.109081527091869E-002
  0.385500000000000      -5.100025361001665E-002
  0.386000000000000      -5.090971738900577E-002
  0.386500000000000      -5.081920723976541E-002
  0.387000000000000      -5.072872379183865E-002
  0.387500000000000      -5.063826767242771E-002
  0.388000000000000      -5.054783950638985E-002
  0.388500000000000      -5.045743991623316E-002
  0.389000000000000      -5.036706952211236E-002
  0.389500000000000      -5.027672894182455E-002
  0.390000000000000      -5.018641879080535E-002
  0.390500000000000      -5.009613968212488E-002
  0.391000000000000      -5.000589222648386E-002
  0.391500000000000      -4.991567703220964E-002
  0.392000000000000      -4.982549470525253E-002
  0.392500000000000      -4.973534584918202E-002
  0.393000000000000      -4.964523106518320E-002
  0.393500000000000      -4.955515095205296E-002
  0.394000000000000      -4.946510610619661E-002
  0.394500000000000      -4.937509712162437E-002
  0.395000000000000      -4.928512458994792E-002
  0.395500000000000      -4.919518910037703E-002
  0.396000000000000      -4.910529123971623E-002
  0.396500000000000      -4.901543159236164E-002
  0.397000000000000      -4.892561074029784E-002
  0.397500000000000      -4.883582926309453E-002
  0.398000000000000      -4.874608773790368E-002
  0.398500000000000      -4.865638673945644E-002
  0.399000000000000      -4.856672684006028E-002
  0.399500000000000      -4.847710860959593E-002
  0.400000000000000      -4.838753261551470E-002
  0.400500000000000      -4.829799942283577E-002
  0.401000000000000      -4.820850959414337E-002
  0.401500000000000      -4.811906368958415E-002
  0.402000000000000      -4.802966226686459E-002
  0.402500000000000      -4.794030588124856E-002
  0.403000000000000      -4.785099508555482E-002
  0.403500000000000      -4.776173043015448E-002
  0.404000000000000      -4.767251246296880E-002
  0.404500000000000      -4.758334172946684E-002
  0.405000000000000      -4.749421877266329E-002
  0.405500000000000      -4.740514413311617E-002
  0.406000000000000      -4.731611834892473E-002
  0.406500000000000      -4.722714195572748E-002
  0.407000000000000      -4.713821548670021E-002
  0.407500000000000      -4.704933947255380E-002
  0.408000000000000      -4.696051444153258E-002
  0.408500000000000      -4.687174091941241E-002
  0.409000000000000      -4.678301942949889E-002
  0.409500000000000      -4.669435049262562E-002
  0.410000000000000      -4.660573462715251E-002
  0.410500000000000      -4.651717234896433E-002
  0.411000000000000      -4.642866417146898E-002
  0.411500000000000      -4.634021060559603E-002
  0.412000000000000      -4.625181215979531E-002
  0.412500000000000      -4.616346934003555E-002
  0.413000000000000      -4.607518264980300E-002
  0.413500000000000      -4.598695259010012E-002
  0.414000000000000      -4.589877965944442E-002
  0.414500000000000      -4.581066435386728E-002
  0.415000000000000      -4.572260716691291E-002
  0.415500000000000      -4.563460858963705E-002
  0.416000000000000      -4.554666911060625E-002
  0.416500000000000      -4.545878921589678E-002
  0.417000000000000      -4.537096938909369E-002
  0.417500000000000      -4.528321011129018E-002
  0.418000000000000      -4.519551186108652E-002
  0.418500000000000      -4.510787511458948E-002
  0.419000000000000      -4.502030034541173E-002
  0.419500000000000      -4.493278802467105E-002
  0.420000000000000      -4.484533862098978E-002
  0.420500000000000      -4.475795260049439E-002
  0.421000000000000      -4.467063042681496E-002
  0.421500000000000      -4.458337256108475E-002
  0.422000000000000      -4.449617946193984E-002
  0.422500000000000      -4.440905158551883E-002
  0.423000000000000      -4.432198938546259E-002
  0.423500000000000      -4.423499331291406E-002
  0.424000000000000      -4.414806381651802E-002
  0.424500000000000      -4.406120134242107E-002
  0.425000000000000      -4.397440633427157E-002
  0.425500000000000      -4.388767923321964E-002
  0.426000000000000      -4.380102047791710E-002
  0.426500000000000      -4.371443050451770E-002
  0.427000000000000      -4.362790974667728E-002
  0.427500000000000      -4.354145863555389E-002
  0.428000000000000      -4.345507759980809E-002
  0.428500000000000      -4.336876706560317E-002
  0.429000000000000      -4.328252745660569E-002
  0.429500000000000      -4.319635919398573E-002
  0.430000000000000      -4.311026269641733E-002
  0.430500000000000      -4.302423838007911E-002
  0.431000000000000      -4.293828665865473E-002
  0.431500000000000      -4.285240794333359E-002
  0.432000000000000      -4.276660264281130E-002
  0.432500000000000      -4.268087116329057E-002
  0.433000000000000      -4.259521390848191E-002
  0.433500000000000      -4.250963127960438E-002
  0.434000000000000      -4.242412367538644E-002
  0.434500000000000      -4.233869149206688E-002
  0.435000000000000      -4.225333512339578E-002
  0.435500000000000      -4.216805496063548E-002
  0.436000000000000      -4.208285139256162E-002
  0.436500000000000      -4.199772480546414E-002
  0.437000000000000      -4.191267558314861E-002
  0.437500000000000      -4.182770410693729E-002
  0.438000000000000      -4.174281075567034E-002
  0.438500000000000      -4.165799590570714E-002
  0.439000000000000      -4.157325993092761E-002
  0.439500000000000      -4.148860320273367E-002
  0.440000000000000      -4.140402609005046E-002
  0.440500000000000      -4.131952895932790E-002
  0.441000000000000      -4.123511217454234E-002
  0.441500000000000      -4.115077609719792E-002
  0.442000000000000      -4.106652108632829E-002
  0.442500000000000      -4.098234749849814E-002
  0.443000000000000      -4.089825568780509E-002
  0.443500000000000      -4.081424600588129E-002
  0.444000000000000      -4.073031880189518E-002
  0.444500000000000      -4.064647442255340E-002
  0.445000000000000      -4.056271321210270E-002
  0.445500000000000      -4.047903551233181E-002
  0.446000000000000      -4.039544166257331E-002
  0.446500000000000      -4.031193199970584E-002
  0.447000000000000      -4.022850685815601E-002
  0.447500000000000      -4.014516656990059E-002
  0.448000000000000      -4.006191146446855E-002
  0.448500000000000      -3.997874186894337E-002
  0.449000000000000      -3.989565810796517E-002
  0.449500000000000      -3.981266050373308E-002
  0.450000000000000      -3.972974937600750E-002
  0.450500000000000      -3.964692504211241E-002
  0.451000000000000      -3.956418781693795E-002
  0.451500000000000      -3.948153801294271E-002
  0.452000000000000      -3.939897594015630E-002
  0.452500000000000      -3.931650190618179E-002
  0.453000000000000      -3.923411621619845E-002
  0.453500000000000      -3.915181917296427E-002
  0.454000000000000      -3.906961107681861E-002
  0.454500000000000      -3.898749222568491E-002
  0.455000000000000      -3.890546291507352E-002
  0.455500000000000      -3.882352343808441E-002
  0.456000000000000      -3.874167408540997E-002
  0.456500000000000      -3.865991514533799E-002
  0.457000000000000      -3.857824690375449E-002
  0.457500000000000      -3.849666964414675E-002
  0.458000000000000      -3.841518364760615E-002
  0.458500000000000      -3.833378919283138E-002
  0.459000000000000      -3.825248655613148E-002
  0.459500000000000      -3.817127601142892E-002
  0.460000000000000      -3.809015783026269E-002
  0.460500000000000      -3.800913228179164E-002
  0.461000000000000      -3.792819963279766E-002
  0.461500000000000      -3.784736014768896E-002
  0.462000000000000      -3.776661408850335E-002
  0.462500000000000      -3.768596171491161E-002
  0.463000000000000      -3.760540328422097E-002
  0.463500000000000      -3.752493905137846E-002
  0.464000000000000      -3.744456926897444E-002
  0.464500000000000      -3.736429418724598E-002
  0.465000000000000      -3.728411405408064E-002
  0.465500000000000      -3.720402911501990E-002
  0.466000000000000      -3.712403961326281E-002
  0.466500000000000      -3.704414578966970E-002
  0.467000000000000      -3.696434788276589E-002
  0.467500000000000      -3.688464612874540E-002
  0.468000000000000      -3.680504076147474E-002
  0.468500000000000      -3.672553201249668E-002
  0.469000000000000      -3.664612011103429E-002
  0.469500000000000      -3.656680528399468E-002
  0.470000000000000      -3.648758775597291E-002
  0.470500000000000      -3.640846774925600E-002
  0.471000000000000      -3.632944548382705E-002
  0.471500000000000      -3.625052117736917E-002
  0.472000000000000      -3.617169504526949E-002
  0.472500000000000      -3.609296730062343E-002
  0.473000000000000      -3.601433815423876E-002
  0.473500000000000      -3.593580781463992E-002
  0.474000000000000      -3.585737648807198E-002
  0.474500000000000      -3.577904437850512E-002
  0.475000000000000      -3.570081168763896E-002
  0.475500000000000      -3.562267861490670E-002
  0.476000000000000      -3.554464535747963E-002
  0.476500000000000      -3.546671211027144E-002
  0.477000000000000      -3.538887906594280E-002
  0.477500000000000      -3.531114641490568E-002
  0.478000000000000      -3.523351434532794E-002
  0.478500000000000      -3.515598304313780E-002
  0.479000000000000      -3.507855269202854E-002
  0.479500000000000      -3.500122347346302E-002
  0.480000000000000      -3.492399556667828E-002
  0.480500000000000      -3.484686914869035E-002
  0.481000000000000      -3.476984439429884E-002
  0.481500000000000      -3.469292147609176E-002
  0.482000000000000      -3.461610056445030E-002
  0.482500000000000      -3.453938182755356E-002
  0.483000000000000      -3.446276543138346E-002
  0.483500000000000      -3.438625153972965E-002
  0.484000000000000      -3.430984031419437E-002
  0.484500000000000      -3.423353191419740E-002
  0.485000000000000      -3.415732649698097E-002
  0.485500000000000      -3.408122421761495E-002
  0.486000000000000      -3.400522522900173E-002
  0.486500000000000      -3.392932968188133E-002
  0.487000000000000      -3.385353772483649E-002
  0.487500000000000      -3.377784950429790E-002
  0.488000000000000      -3.370226516454927E-002
  0.488500000000000      -3.362678484773251E-002
  0.489000000000000      -3.355140869385306E-002
  0.489500000000000      -3.347613684078509E-002
  0.490000000000000      -3.340096942427680E-002
  0.490500000000000      -3.332590657795573E-002
  0.491000000000000      -3.325094843333410E-002
  0.491500000000000      -3.317609511981426E-002
  0.492000000000000      -3.310134676469407E-002
  0.492500000000000      -3.302670349317230E-002
  0.493000000000000      -3.295216542835416E-002
  0.493500000000000      -3.287773269125675E-002
  0.494000000000000      -3.280340540081469E-002
  0.494500000000000      -3.272918367388560E-002
  0.495000000000000      -3.265506762525561E-002
  0.495500000000000      -3.258105736764523E-002
  0.496000000000000      -3.250715301171481E-002
  0.496500000000000      -3.243335466607020E-002
  0.497000000000000      -3.235966243726851E-002
  0.497500000000000      -3.228607642982394E-002
  0.498000000000000      -3.221259674621347E-002
  0.498500000000000      -3.213922348688251E-002
  0.499000000000000      -3.206595675025092E-002
  0.499500000000000      -3.199279663271885E-002
  0.500000000000000      -3.191974322867248E-002
  0.500500000000000      -3.184679663048999E-002
  0.501000000000000      -3.177395692854755E-002
  0.501500000000000      -3.170122421122519E-002
  0.502000000000000      -3.162859856491287E-002
  0.502500000000000      -3.155608007401637E-002
  0.503000000000000      -3.148366882096348E-002
  0.503500000000000      -3.141136488620988E-002
  0.504000000000000      -3.133916834824552E-002
  0.504500000000000      -3.126707928360035E-002
  0.505000000000000      -3.119509776685087E-002
  0.505500000000000      -3.112322387062592E-002
  0.506000000000000      -3.105145766561320E-002
  0.506500000000000      -3.097979922056528E-002
  0.507000000000000      -3.090824860230596E-002
  0.507500000000000      -3.083680587573644E-002
  0.508000000000000      -3.076547110384174E-002
  0.508500000000000      -3.069424434769691E-002
  0.509000000000000      -3.062312566647347E-002
  0.509500000000000      -3.055211511744574E-002
  0.510000000000000      -3.048121275599719E-002
  0.510500000000000      -3.041041863562694E-002
  0.511000000000000      -3.033973280795618E-002
  0.511500000000000      -3.026915532273463E-002
  0.512000000000000      -3.019868622784702E-002
  0.512500000000000      -3.012832556931964E-002
  0.513000000000000      -3.005807339132682E-002
  0.513500000000000      -2.998792973619761E-002
  0.514000000000000      -2.991789464442223E-002
  0.514500000000000      -2.984796815465880E-002
  0.515000000000000      -2.977815030373984E-002
  0.515500000000000      -2.970844112667910E-002
  0.516000000000000      -2.963884065667804E-002
  0.516500000000000      -2.956934892513272E-002
  0.517000000000000      -2.949996596164039E-002
  0.517500000000000      -2.943069179400630E-002
  0.518000000000000      -2.936152644825044E-002
  0.518500000000000      -2.929246994861434E-002
  0.519000000000000      -2.922352231756788E-002
  0.519500000000000      -2.915468357581613E-002
  0.520000000000000      -2.908595374230617E-002
  0.520500000000000      -2.901733283423403E-002
  0.521000000000000      -2.894882086705153E-002
  0.521500000000000      -2.888041785447323E-002
  0.522000000000000      -2.881212380848329E-002
  0.522500000000000      -2.874393873934258E-002
  0.523000000000000      -2.867586265559549E-002
  0.523500000000000      -2.860789556407709E-002
  0.524000000000000      -2.854003746991995E-002
  0.524500000000000      -2.847228837656144E-002
  0.525000000000000      -2.840464828575051E-002
  0.525500000000000      -2.833711719755503E-002
  0.526000000000000      -2.826969511036862E-002
  0.526500000000000      -2.820238202091804E-002
  0.527000000000000      -2.813517792427011E-002
  0.527500000000000      -2.806808281383899E-002
  0.528000000000000      -2.800109668139327E-002
  0.528500000000000      -2.793421951706325E-002
  0.529000000000000      -2.786745130934811E-002
  0.529500000000000      -2.780079204512309E-002
  0.530000000000000      -2.773424170964682E-002
  0.530500000000000      -2.766780028656856E-002
  0.531000000000000      -2.760146775793540E-002
  0.531500000000000      -2.753524410419973E-002
  0.532000000000000      -2.746912930422641E-002
  0.532500000000000      -2.740312333530018E-002
  0.533000000000000      -2.733722617313296E-002
  0.533500000000000      -2.727143779187129E-002
  0.534000000000000      -2.720575816410364E-002
  0.534500000000000      -2.714018726086793E-002
  0.535000000000000      -2.707472505165877E-002
  0.535500000000000      -2.700937150443510E-002
  0.536000000000000      -2.694412658562746E-002
  0.536500000000000      -2.687899026014564E-002
  0.537000000000000      -2.681396249138595E-002
  0.537500000000000      -2.674904324123899E-002
  0.538000000000000      -2.668423247009687E-002
  0.538500000000000      -2.661953013686101E-002
  0.539000000000000      -2.655493619894949E-002
  0.539500000000000      -2.649045061230474E-002
  0.540000000000000      -2.642607333140105E-002
  0.540500000000000      -2.636180430925217E-002
  0.541000000000000      -2.629764349741895E-002
  0.541500000000000      -2.623359084601694E-002
  0.542000000000000      -2.616964630372403E-002
  0.542500000000000      -2.610580981778812E-002
  0.543000000000000      -2.604208133403467E-002
  0.543500000000000      -2.597846079687461E-002
  0.544000000000000      -2.591494814931178E-002
  0.544500000000000      -2.585154333295082E-002
  0.545000000000000      -2.578824628800479E-002
  0.545500000000000      -2.572505695330294E-002
  0.546000000000000      -2.566197526629842E-002
  0.546500000000000      -2.559900116307614E-002
  0.547000000000000      -2.553613457836038E-002
  0.547500000000000      -2.547337544552272E-002
  0.548000000000000      -2.541072369658973E-002
  0.548500000000000      -2.534817926225089E-002
  0.549000000000000      -2.528574207186630E-002
  0.549500000000000      -2.522341205347458E-002
  0.550000000000000      -2.516118913380068E-002
  0.550500000000000      -2.509907323826377E-002
  0.551000000000000      -2.503706429098507E-002
  0.551500000000000      -2.497516221479578E-002
  0.552000000000000      -2.491336693124490E-002
  0.552500000000000      -2.485167836060720E-002
  0.553000000000000      -2.479009642189109E-002
  0.553500000000000      -2.472862103284657E-002
  0.554000000000000      -2.466725210997313E-002
  0.554500000000000      -2.460598956852773E-002
  0.555000000000000      -2.454483332253273E-002
  0.555500000000000      -2.448378328478388E-002
  0.556000000000000      -2.442283936685825E-002
  0.556500000000000      -2.436200147912227E-002
  0.557000000000000      -2.430126953073966E-002
  0.557500000000000      -2.424064342967952E-002
  0.558000000000000      -2.418012308272422E-002
  0.558500000000000      -2.411970839547757E-002
  0.559000000000000      -2.405939927237272E-002
  0.559500000000000      -2.399919561668029E-002
  0.560000000000000      -2.393909733051632E-002
  0.560500000000000      -2.387910431485047E-002
  0.561000000000000      -2.381921646951392E-002
  0.561500000000000      -2.375943369320762E-002
  0.562000000000000      -2.369975588351017E-002
  0.562500000000000      -2.364018293688609E-002
  0.563000000000000      -2.358071474869379E-002
  0.563500000000000      -2.352135121319381E-002
  0.564000000000000      -2.346209222355675E-002
  0.564500000000000      -2.340293767187156E-002
  0.565000000000000      -2.334388744915352E-002
  0.565500000000000      -2.328494144535254E-002
  0.566000000000000      -2.322609954936113E-002
  0.566500000000000      -2.316736164902264E-002
  0.567000000000000      -2.310872763113941E-002
  0.567500000000000      -2.305019738148092E-002
  0.568000000000000      -2.299177078479190E-002
  0.568500000000000      -2.293344772480060E-002
  0.569000000000000      -2.287522808422690E-002
  0.569500000000000      -2.281711174479050E-002
  0.570000000000000      -2.275909858721913E-002
  0.570500000000000      -2.270118849125672E-002
  0.571000000000000      -2.264338133567160E-002
  0.571500000000000      -2.258567699826474E-002
  0.572000000000000      -2.252807535587791E-002
  0.572500000000000      -2.247057628440191E-002
  0.573000000000000      -2.241317965878479E-002
  0.573500000000000      -2.235588535304010E-002
  0.574000000000000      -2.229869324025504E-002
  0.574500000000000      -2.224160319259880E-002
  0.575000000000000      -2.218461508133068E-002
  0.575500000000000      -2.212772877680842E-002
  0.576000000000000      -2.207094414849634E-002
  0.576500000000000      -2.201426106497373E-002
  0.577000000000000      -2.195767939394297E-002
  0.577500000000000      -2.190119900223782E-002
  0.578000000000000      -2.184481975583170E-002
  0.578500000000000      -2.178854151984591E-002
  0.579000000000000      -2.173236415855795E-002
  0.579500000000000      -2.167628753540966E-002
  0.580000000000000      -2.162031151301565E-002
  0.580500000000000      -2.156443595317141E-002
  0.581000000000000      -2.150866071686170E-002
  0.581500000000000      -2.145298566426874E-002
  0.582000000000000      -2.139741065478052E-002
  0.582500000000000      -2.134193554699906E-002
  0.583000000000000      -2.128656019874869E-002
  0.583500000000000      -2.123128446708434E-002
  0.584000000000000      -2.117610820829980E-002
  0.584500000000000      -2.112103127793595E-002
  0.585000000000000      -2.106605353078917E-002
  0.585500000000000      -2.101117482091949E-002
  0.586000000000000      -2.095639500165893E-002
  0.586500000000000      -2.090171392561975E-002
  0.587000000000000      -2.084713144470280E-002
  0.587500000000000      -2.079264741010568E-002
  0.588000000000000      -2.073826167233116E-002
  0.588500000000000      -2.068397408119532E-002
  0.589000000000000      -2.062978448583595E-002
  0.589500000000000      -2.057569273472073E-002
  0.590000000000000      -2.052169867565560E-002
  0.590500000000000      -2.046780215579295E-002
  0.591000000000000      -2.041400302163996E-002
  0.591500000000000      -2.036030111906683E-002
  0.592000000000000      -2.030669629331508E-002
  0.592500000000000      -2.025318838900578E-002
  0.593000000000000      -2.019977725014791E-002
  0.593500000000000      -2.014646272014651E-002
  0.594000000000000      -2.009324464181104E-002
  0.594500000000000      -2.004012285736356E-002
  0.595000000000000      -1.998709720844710E-002
  0.595500000000000      -1.993416753613375E-002
  0.596000000000000      -1.988133368093312E-002
  0.596500000000000      -1.982859548280042E-002
  0.597000000000000      -1.977595278114482E-002
  0.597500000000000      -1.972340541483758E-002
  0.598000000000000      -1.967095322222047E-002
  0.598500000000000      -1.961859604111379E-002
  0.599000000000000      -1.956633370882481E-002
  0.599500000000000      -1.951416606215583E-002
  0.600000000000000      -1.946209293741253E-002
  0.600500000000000      -1.941011417041213E-002
  0.601000000000000      -1.935822959649164E-002
  0.601500000000000      -1.930643905051604E-002
  0.602000000000000      -1.925474236688650E-002
  0.602500000000000      -1.920313937954861E-002
  0.603000000000000      -1.915162992200057E-002
  0.603500000000000      -1.910021382730133E-002
  0.604000000000000      -1.904889092807889E-002
  0.604500000000000      -1.899766105653834E-002
  0.605000000000000      -1.894652404447018E-002
  0.605500000000000      -1.889547972325839E-002
  0.606000000000000      -1.884452792388867E-002
  0.606500000000000      -1.879366847695648E-002
  0.607000000000000      -1.874290121267538E-002
  0.607500000000000      -1.869222596088500E-002
  0.608000000000000      -1.864164255105930E-002
  0.608500000000000      -1.859115081231461E-002
  0.609000000000000      -1.854075057341785E-002
  0.609500000000000      -1.849044166279457E-002
  0.610000000000000      -1.844022390853713E-002
  0.610500000000000      -1.839009713841275E-002
  0.611000000000000      -1.834006117987164E-002
  0.611500000000000      -1.829011586005507E-002
  0.612000000000000      -1.824026100580348E-002
  0.612500000000000      -1.819049644366453E-002
  0.613000000000000      -1.814082199990117E-002
  0.613500000000000      -1.809123750049970E-002
  0.614000000000000      -1.804174277117786E-002
  0.614500000000000      -1.799233763739275E-002
  0.615000000000000      -1.794302192434904E-002
  0.615500000000000      -1.789379545700681E-002
  0.616000000000000      -1.784465806008974E-002
  0.616500000000000      -1.779560955809293E-002
  0.617000000000000      -1.774664977529107E-002
  0.617500000000000      -1.769777853574631E-002
  0.618000000000000      -1.764899566331627E-002
  0.618500000000000      -1.760030098166201E-002
  0.619000000000000      -1.755169431425603E-002
  0.619500000000000      -1.750317548439008E-002
  0.620000000000000      -1.745474431518328E-002
  0.620500000000000      -1.740640062958986E-002
  0.621000000000000      -1.735814425040726E-002
  0.621500000000000      -1.730997500028386E-002
  0.622000000000000      -1.726189270172699E-002
  0.622500000000000      -1.721389717711075E-002
  0.623000000000000      -1.716598824868393E-002
  0.623500000000000      -1.711816573857778E-002
  0.624000000000000      -1.707042946881399E-002
  0.624500000000000      -1.702277926131240E-002
  0.625000000000000      -1.697521493789889E-002
  0.625500000000000      -1.692773632031315E-002
  0.626000000000000      -1.688034323021656E-002
  0.626500000000000      -1.683303548919985E-002
  0.627000000000000      -1.678581291879098E-002
  0.627500000000000      -1.673867534046284E-002
  0.628000000000000      -1.669162257564105E-002
  0.628500000000000      -1.664465444571164E-002
  0.629000000000000      -1.659777077202879E-002
  0.629500000000000      -1.655097137592256E-002
  0.630000000000000      -1.650425607870657E-002
  0.630500000000000      -1.645762470168565E-002
  0.631000000000000      -1.641107706616358E-002
  0.631500000000000      -1.636461299345065E-002
  0.632000000000000      -1.631823230487138E-002
  0.632500000000000      -1.627193482177209E-002
  0.633000000000000      -1.622572036552855E-002
  0.633500000000000      -1.617958875755353E-002
  0.634000000000000      -1.613353981930444E-002
  0.634500000000000      -1.608757337229081E-002
  0.635000000000000      -1.604168923808196E-002
  0.635500000000000      -1.599588723831439E-002
  0.636000000000000      -1.595016719469946E-002
  0.636500000000000      -1.590452892903070E-002
  0.637000000000000      -1.585897226319153E-002
  0.637500000000000      -1.581349701916250E-002
  0.638000000000000      -1.576810301902894E-002
  0.638500000000000      -1.572279008498824E-002
  0.639000000000000      -1.567755803935741E-002
  0.639500000000000      -1.563240670458039E-002
  0.640000000000000      -1.558733590323549E-002
  0.640500000000000      -1.554234545804274E-002
  0.641000000000000      -1.549743519187124E-002
  0.641500000000000      -1.545260492774655E-002
  0.642000000000000      -1.540785448885793E-002
  0.642500000000000      -1.536318369856573E-002
  0.643000000000000      -1.531859238040858E-002
  0.643500000000000      -1.527408035811078E-002
  0.644000000000000      -1.522964745558944E-002
  0.644500000000000      -1.518529349696175E-002
  0.645000000000000      -1.514101830655223E-002
  0.645500000000000      -1.509682170889988E-002
  0.646000000000000      -1.505270352876535E-002
  0.646500000000000      -1.500866359113815E-002
  0.647000000000000      -1.496470172124376E-002
  0.647500000000000      -1.492081774455073E-002
  0.648000000000000      -1.487701148677780E-002
  0.648500000000000      -1.483328277390101E-002
  0.649000000000000      -1.478963143216067E-002
  0.649500000000000      -1.474605728806856E-002
  0.650000000000000      -1.470256016841476E-002
  0.650500000000000      -1.465913990027482E-002
  0.651000000000000      -1.461579631101662E-002
  0.651500000000000      -1.457252922830744E-002
  0.652000000000000      -1.452933848012076E-002
  0.652500000000000      -1.448622389474335E-002
  0.653000000000000      -1.444318530078203E-002
  0.653500000000000      -1.440022252717062E-002
  0.654000000000000      -1.435733540317677E-002
  0.654500000000000      -1.431452375840882E-002
  0.655000000000000      -1.427178742282257E-002
  0.655500000000000      -1.422912622672813E-002
  0.656000000000000      -1.418654000079664E-002
  0.656500000000000      -1.414402857606708E-002
  0.657000000000000      -1.410159178395289E-002
  0.657500000000000      -1.405922945624881E-002
  0.658000000000000      -1.401694142513744E-002
  0.658500000000000      -1.397472752319602E-002
  0.659000000000000      -1.393258758340294E-002
  0.659500000000000      -1.389052143914443E-002
  0.660000000000000      -1.384852892422115E-002
  0.660500000000000      -1.380660987285474E-002
  0.661000000000000      -1.376476411969435E-002
  0.661500000000000      -1.372299149982320E-002
  0.662000000000000      -1.368129184876505E-002
  0.662500000000000      -1.363966500249067E-002
  0.663000000000000      -1.359811079742429E-002
  0.663500000000000      -1.355662907045005E-002
  0.664000000000000      -1.351521965891837E-002
  0.664500000000000      -1.347388240065235E-002
  0.665000000000000      -1.343261713395408E-002
  0.665500000000000      -1.339142369761103E-002
  0.666000000000000      -1.335030193090231E-002
  0.666500000000000      -1.330925167360493E-002
  0.667000000000000      -1.326827276600010E-002
  0.667500000000000      -1.322736504887943E-002
  0.668000000000000      -1.318652836355110E-002
  0.668500000000000      -1.314576255184611E-002
  0.669000000000000      -1.310506745612434E-002
  0.669500000000000      -1.306444291928076E-002
  0.670000000000000      -1.302388878475142E-002
  0.670500000000000      -1.298340489651964E-002
  0.671000000000000      -1.294299109912196E-002
  0.671500000000000      -1.290264723765421E-002
  0.672000000000000      -1.286237315777745E-002
  0.672500000000000      -1.282216870572399E-002
  0.673000000000000      -1.278203372830327E-002
  0.673500000000000      -1.274196807290785E-002
  0.674000000000000      -1.270197158751915E-002
  0.674500000000000      -1.266204412071347E-002
  0.675000000000000      -1.262218552166765E-002
  0.675500000000000      -1.258239564016503E-002
  0.676000000000000      -1.254267432660108E-002
  0.676500000000000      -1.250302143198924E-002
  0.677000000000000      -1.246343680796654E-002
  0.677500000000000      -1.242392030679938E-002
  0.678000000000000      -1.238447178138910E-002
  0.678500000000000      -1.234509108527768E-002
  0.679000000000000      -1.230577807265326E-002
  0.679500000000000      -1.226653259835577E-002
  0.680000000000000      -1.222735451788244E-002
  0.680500000000000      -1.218824368739331E-002
  0.681000000000000      -1.214919996371671E-002
  0.681500000000000      -1.211022320435470E-002
  0.682000000000000      -1.207131326748852E-002
  0.682500000000000      -1.203247001198394E-002
  0.683000000000000      -1.199369329739662E-002
  0.683500000000000      -1.195498298397748E-002
  0.684000000000000      -1.191633893267792E-002
  0.684500000000000      -1.187776100515522E-002
  0.685000000000000      -1.183924906377756E-002
  0.685500000000000      -1.180080297162950E-002
  0.686000000000000      -1.176242259251686E-002
  0.686500000000000      -1.172410779097211E-002
  0.687000000000000      -1.168585843225930E-002
  0.687500000000000      -1.164767438237927E-002
  0.688000000000000      -1.160955550807460E-002
  0.688500000000000      -1.157150167683466E-002
  0.689000000000000      -1.153351275690061E-002
  0.689500000000000      -1.149558861727032E-002
  0.690000000000000      -1.145772912770326E-002
  0.690500000000000      -1.141993415872549E-002
  0.691000000000000      -1.138220358163436E-002
  0.691500000000000      -1.134453726850347E-002
  0.692000000000000      -1.130693509218734E-002
  0.692500000000000      -1.126939692632624E-002
  0.693000000000000      -1.123192264535086E-002
  0.693500000000000      -1.119451212448703E-002
  0.694000000000000      -1.115716523976032E-002
  0.694500000000000      -1.111988186800072E-002
  0.695000000000000      -1.108266188684714E-002
  0.695500000000000      -1.104550517475206E-002
  0.696000000000000      -1.100841161098594E-002
  0.696500000000000      -1.097138107564176E-002
  0.697000000000000      -1.093441344963944E-002
  0.697500000000000      -1.089750861473028E-002
  0.698000000000000      -1.086066645350126E-002
  0.698500000000000      -1.082388684937948E-002
  0.699000000000000      -1.078716968663635E-002
  0.699500000000000      -1.075051485039196E-002
  0.700000000000000      -1.071392222661923E-002
  0.700500000000000      -1.067739170214817E-002
  0.701000000000000      -1.064092316466997E-002
  0.701500000000000      -1.060451650274121E-002
  0.702000000000000      -1.056817160578784E-002
  0.702500000000000      -1.053188836410933E-002
  0.703000000000000      -1.049566666888261E-002
  0.703500000000000      -1.045950641216609E-002
  0.704000000000000      -1.042340748690357E-002
  0.704500000000000      -1.038736978692816E-002
  0.705000000000000      -1.035139320696615E-002
  0.705500000000000      -1.031547764264081E-002
  0.706000000000000      -1.027962299047621E-002
  0.706500000000000      -1.024382914790093E-002
  0.707000000000000      -1.020809601325184E-002
  0.707500000000000      -1.017242348577768E-002
  0.708000000000000      -1.013681146564281E-002
  0.708500000000000      -1.010125985393071E-002
  0.709000000000000      -1.006576855264760E-002
  0.709500000000000      -1.003033746472592E-002
  0.710000000000000      -9.994966494027858E-003
  0.710500000000000      -9.959655545348740E-003
  0.711000000000000      -9.924404524420496E-003
  0.711500000000000      -9.889213337914936E-003
  0.712000000000000      -9.854081893447201E-003
  0.712500000000000      -9.819010099578895E-003
  0.713000000000000      -9.783997865821481E-003
  0.713500000000000      -9.749045102639369E-003
  0.714000000000000      -9.714151721453148E-003
  0.714500000000000      -9.679317634642673E-003
  0.715000000000000      -9.644542755550196E-003
  0.715500000000000      -9.609826998483336E-003
  0.716000000000000      -9.575170278718157E-003
  0.716500000000000      -9.540572512502078E-003
  0.717000000000000      -9.506033617056825E-003
  0.717500000000000      -9.471553510581279E-003
  0.718000000000000      -9.437132112254356E-003
  0.718500000000000      -9.402769342237749E-003
  0.719000000000000      -9.368465121678726E-003
  0.719500000000000      -9.334219372712818E-003
  0.720000000000000      -9.300032018466520E-003
  0.720500000000000      -9.265902983059850E-003
  0.721000000000000      -9.231832191609040E-003
  0.721500000000000      -9.197819570228957E-003
  0.722000000000000      -9.163865046035719E-003
  0.722500000000000      -9.129968547149045E-003
  0.723000000000000      -9.096130002694771E-003
  0.723500000000000      -9.062349342807131E-003
  0.724000000000000      -9.028626498631153E-003
  0.724500000000000      -8.994961402324893E-003
  0.725000000000000      -8.961353987061712E-003
  0.725500000000000      -8.927804187032436E-003
  0.726000000000000      -8.894311937447549E-003
  0.726500000000000      -8.860877174539259E-003
  0.727000000000000      -8.827499835563612E-003
  0.727500000000000      -8.794179858802448E-003
  0.728000000000000      -8.760917183565427E-003
  0.728500000000000      -8.727711750191942E-003
  0.729000000000000      -8.694563500052998E-003
  0.729500000000000      -8.661472375553049E-003
  0.730000000000000      -8.628438320131816E-003
  0.730500000000000      -8.595461278266006E-003
  0.731000000000000      -8.562541195471030E-003
  0.731500000000000      -8.529678018302659E-003
  0.732000000000000      -8.496871694358641E-003
  0.732500000000000      -8.464122172280252E-003
  0.733000000000000      -8.431429401753829E-003
  0.733500000000000      -8.398793333512237E-003
  0.734000000000000      -8.366213919336297E-003
  0.734500000000000      -8.333691112056152E-003
  0.735000000000000      -8.301224865552636E-003
  0.735500000000000      -8.268815134758509E-003
  0.736000000000000      -8.236461875659745E-003
  0.736500000000000      -8.204165045296679E-003
  0.737000000000000      -8.171924601765199E-003
  0.737500000000000      -8.139740504217776E-003
  0.738000000000000      -8.107612712864599E-003
  0.738500000000000      -8.075541188974474E-003
  0.739000000000000      -8.043525894875871E-003
  0.739500000000000      -8.011566793957755E-003
  0.740000000000000      -7.979663850670504E-003
  0.740500000000000      -7.947817030526645E-003
  0.741000000000000      -7.916026300101688E-003
  0.741500000000000      -7.884291627034757E-003
  0.742000000000000      -7.852612980029322E-003
  0.742500000000000      -7.820990328853758E-003
  0.743000000000000      -7.789423644341940E-003
  0.743500000000000      -7.757912898393722E-003
  0.744000000000000      -7.726458063975425E-003
  0.744500000000000      -7.695059115120238E-003
  0.745000000000000      -7.663716026928592E-003
  0.745500000000000      -7.632428775568436E-003
  0.746000000000000      -7.601197338275557E-003
  0.746500000000000      -7.570021693353720E-003
  0.747000000000000      -7.538901820174906E-003
  0.747500000000000      -7.507837699179345E-003
  0.748000000000000      -7.476829311875636E-003
  0.748500000000000      -7.445876640840701E-003
  0.749000000000000      -7.414979669719800E-003
  0.749500000000000      -7.384138383226367E-003
  0.750000000000000      -7.353352767141933E-003
  0.750500000000000      -7.322622808315863E-003
  0.751000000000000      -7.291948494665157E-003
  0.751500000000000      -7.261329815174105E-003
  0.752000000000000      -7.230766759893969E-003
  0.752500000000000      -7.200259319942530E-003
  0.753000000000000      -7.169807487503686E-003
  0.753500000000000      -7.139411255826882E-003
  0.754000000000000      -7.109070619226576E-003
  0.754500000000000      -7.078785573081609E-003
  0.755000000000000      -7.048556113834550E-003
  0.755500000000000      -7.018382238990931E-003
  0.756000000000000      -6.988263947118521E-003
  0.756500000000000      -6.958201237846433E-003
  0.757000000000000      -6.928194111864296E-003
  0.757500000000000      -6.898242570921263E-003
  0.758000000000000      -6.868346617825064E-003
  0.758500000000000      -6.838506256440905E-003
  0.759000000000000      -6.808721491690419E-003
  0.759500000000000      -6.778992329550443E-003
  0.760000000000000      -6.749318777051884E-003
  0.760500000000000      -6.719700842278368E-003
  0.761000000000000      -6.690138534364980E-003
  0.761500000000000      -6.660631863496852E-003
  0.762000000000000      -6.631180840907739E-003
  0.762500000000000      -6.601785478878529E-003
  0.763000000000000      -6.572445790735700E-003
  0.763500000000000      -6.543161790849691E-003
  0.764000000000000      -6.513933494633312E-003
  0.764500000000000      -6.484760918539943E-003
  0.765000000000000      -6.455644080061836E-003
  0.765500000000000      -6.426582997728246E-003
  0.766000000000000      -6.397577691103560E-003
  0.766500000000000      -6.368628180785358E-003
  0.767000000000000      -6.339734488402431E-003
  0.767500000000000      -6.310896636612681E-003
  0.768000000000000      -6.282114649101070E-003
  0.768500000000000      -6.253388550577393E-003
  0.769000000000000      -6.224718366774086E-003
  0.769500000000000      -6.196104124443940E-003
  0.770000000000000      -6.167545851357730E-003
  0.770500000000000      -6.139043576301872E-003
  0.771000000000000      -6.110597329075874E-003
  0.771500000000000      -6.082207140489913E-003
  0.772000000000000      -6.053873042362186E-003
  0.772500000000000      -6.025595067516334E-003
  0.773000000000000      -5.997373249778686E-003
  0.773500000000000      -5.969207623975560E-003
  0.774000000000000      -5.941098225930410E-003
  0.774500000000000      -5.913045092461003E-003
  0.775000000000000      -5.885048261376417E-003
  0.775500000000000      -5.857107771474120E-003
  0.776000000000000      -5.829223662536876E-003
  0.776500000000000      -5.801395975329652E-003
  0.777000000000000      -5.773624751596426E-003
  0.777500000000000      -5.745910034057002E-003
  0.778000000000000      -5.718251866403645E-003
  0.778500000000000      -5.690650293297806E-003
  0.779000000000000      -5.663105360366645E-003
  0.779500000000000      -5.635617114199607E-003
  0.780000000000000      -5.608185602344837E-003
  0.780500000000000      -5.580810873305630E-003
  0.781000000000000      -5.553492976536728E-003
  0.781500000000000      -5.526231962440648E-003
  0.782000000000000      -5.499027882363848E-003
  0.782500000000000      -5.471880788592929E-003
  0.783000000000000      -5.444790734350687E-003
  0.783500000000000      -5.417757773792195E-003
  0.784000000000000      -5.390781962000711E-003
  0.784500000000000      -5.363863354983647E-003
  0.785000000000000      -5.337002009668354E-003
  0.785500000000000      -5.310197983897963E-003
  0.786000000000000      -5.283451336427037E-003
  0.786500000000000      -5.256762126917293E-003
  0.787000000000000      -5.230130415933131E-003
  0.787500000000000      -5.203556264937214E-003
  0.788000000000000      -5.177039736285896E-003
  0.788500000000000      -5.150580893224646E-003
  0.789000000000000      -5.124179799883353E-003
  0.789500000000000      -5.097836521271650E-003
  0.790000000000000      -5.071551123274058E-003
  0.790500000000000      -5.045323672645187E-003
  0.791000000000000      -5.019154237004770E-003
  0.791500000000000      -4.993042884832710E-003
  0.792000000000000      -4.966989685464002E-003
  0.792500000000000      -4.940994709083640E-003
  0.793000000000000      -4.915058026721416E-003
  0.793500000000000      -4.889179710246688E-003
  0.794000000000000      -4.863359832363057E-003
  0.794500000000000      -4.837598466602999E-003
  0.795000000000000      -4.811895687322392E-003
  0.795500000000000      -4.786251569695063E-003
  0.796000000000000      -4.760666189707141E-003
  0.796500000000000      -4.735139624151475E-003
  0.797000000000000      -4.709671950621885E-003
  0.797500000000000      -4.684263247507400E-003
  0.798000000000000      -4.658913593986419E-003
  0.798500000000000      -4.633623070020791E-003
  0.799000000000000      -4.608391756349840E-003
  0.799500000000000      -4.583219734484332E-003
  0.800000000000000      -4.558107086700341E-003
  0.800500000000000      -4.533053896033094E-003
  0.801000000000000      -4.508060246270702E-003
  0.801500000000000      -4.483126221947858E-003
  0.802000000000000      -4.458251908339443E-003
  0.802500000000000      -4.433437391454085E-003
  0.803000000000000      -4.408682758027622E-003
  0.803500000000000      -4.383988095516543E-003
  0.804000000000000      -4.359353492091283E-003
  0.804500000000000      -4.334779036629559E-003
  0.805000000000000      -4.310264818709495E-003
  0.805500000000000      -4.285810928602844E-003
  0.806000000000000      -4.261417457267977E-003
  0.806500000000000      -4.237084496342930E-003
  0.807000000000000      -4.212812138138298E-003
  0.807500000000000      -4.188600475630120E-003
  0.808000000000000      -4.164449602452638E-003
  0.808500000000000      -4.140359612891030E-003
  0.809000000000000      -4.116330601874048E-003
  0.809500000000000      -4.092362664966600E-003
  0.810000000000000      -4.068455898362238E-003
  0.810500000000000      -4.044610398875628E-003
  0.811000000000000      -4.020826263934854E-003
  0.811500000000000      -3.997103591573776E-003
  0.812000000000000      -3.973442480424194E-003
  0.812500000000000      -3.949843029708037E-003
  0.813000000000000      -3.926305339229410E-003
  0.813500000000000      -3.902829509366623E-003
  0.814000000000000      -3.879415641064103E-003
  0.814500000000000      -3.856063835824284E-003
  0.815000000000000      -3.832774195699353E-003
  0.815500000000000      -3.809546823283014E-003
  0.816000000000000      -3.786381821702092E-003
  0.816500000000000      -3.763279294608137E-003
  0.817000000000000      -3.740239346168889E-003
  0.817500000000000      -3.717262081059743E-003
  0.818000000000000      -3.694347604455056E-003
  0.818500000000000      -3.671496022019470E-003
  0.819000000000000      -3.648707439899072E-003
  0.819500000000000      -3.625981964712578E-003
  0.820000000000000      -3.603319703542331E-003
  0.820500000000000      -3.580720763925341E-003
  0.821000000000000      -3.558185253844151E-003
  0.821500000000000      -3.535713281717704E-003
  0.822000000000000      -3.513304956392072E-003
  0.822500000000000      -3.490960387131180E-003
  0.823000000000000      -3.468679683607374E-003
  0.823500000000000      -3.446462955892002E-003
  0.824000000000000      -3.424310314445831E-003
  0.824500000000000      -3.402221870109476E-003
  0.825000000000000      -3.380197734093664E-003
  0.825500000000000      -3.358238017969521E-003
  0.826000000000000      -3.336342833658675E-003
  0.826500000000000      -3.314512293423400E-003
  0.827000000000000      -3.292746509856552E-003
  0.827500000000000      -3.271045595871571E-003
  0.828000000000000      -3.249409664692285E-003
  0.828500000000000      -3.227838829842718E-003
  0.829000000000000      -3.206333205136760E-003
  0.829500000000000      -3.184892904667834E-003
  0.830000000000000      -3.163518042798394E-003
  0.830500000000000      -3.142208734149446E-003
  0.831000000000000      -3.120965093589889E-003
  0.831500000000000      -3.099787236225879E-003
  0.832000000000000      -3.078675277390027E-003
  0.832500000000000      -3.057629332630588E-003
  0.833000000000000      -3.036649517700521E-003
  0.833500000000000      -3.015735948546502E-003
  0.834000000000000      -2.994888741297862E-003
  0.834500000000000      -2.974108012255402E-003
  0.835000000000000      -2.953393877880203E-003
  0.835500000000000      -2.932746454782268E-003
  0.836000000000000      -2.912165859709181E-003
  0.836500000000000      -2.891652209534597E-003
  0.837000000000000      -2.871205621246725E-003
  0.837500000000000      -2.850826211936681E-003
  0.838000000000000      -2.830514098786794E-003
  0.838500000000000      -2.810269399058805E-003
  0.839000000000000      -2.790092230082026E-003
  0.839500000000000      -2.769982709241357E-003
  0.840000000000000      -2.749940953965300E-003
  0.840500000000000      -2.729967081713816E-003
  0.841000000000000      -2.710061209966170E-003
  0.841500000000000      -2.690223456208624E-003
  0.842000000000000      -2.670453937922139E-003
  0.842500000000000      -2.650752772569888E-003
  0.843000000000000      -2.631120077584803E-003
  0.843500000000000      -2.611555970356927E-003
  0.844000000000000      -2.592060568220785E-003
  0.844500000000000      -2.572633988442599E-003
  0.845000000000000      -2.553276348207474E-003
  0.845500000000000      -2.533987764606453E-003
  0.846000000000000      -2.514768354623542E-003
  0.846500000000000      -2.495618235122601E-003
  0.847000000000000      -2.476537522834211E-003
  0.847500000000000      -2.457526334342379E-003
  0.848000000000000      -2.438584786071261E-003
  0.848500000000000      -2.419712994271698E-003
  0.849000000000000      -2.400911075007759E-003
  0.849500000000000      -2.382179144143125E-003
  0.850000000000000      -2.363517317327461E-003
  0.850500000000000      -2.344925709982635E-003
  0.851000000000000      -2.326404437288915E-003
  0.851500000000000      -2.307953614171031E-003
  0.852000000000000      -2.289573355284198E-003
  0.852500000000000      -2.271263775000011E-003
  0.853000000000000      -2.253024987392300E-003
  0.853500000000000      -2.234857106222852E-003
  0.854000000000000      -2.216760244927108E-003
  0.854500000000000      -2.198734516599703E-003
  0.855000000000000      -2.180780033980004E-003
  0.855500000000000      -2.162896909437467E-003
  0.856000000000000      -2.145085254957012E-003
  0.856500000000000      -2.127345182124219E-003
  0.857000000000000      -2.109676802110515E-003
  0.857500000000000      -2.092080225658207E-003
  0.858000000000000      -2.074555563065496E-003
  0.858500000000000      -2.057102924171341E-003
  0.859000000000000      -2.039722418340297E-003
  0.859500000000000      -2.022414154447204E-003
  0.860000000000000      -2.005178240861858E-003
  0.860500000000000      -1.988014785433529E-003
  0.861000000000000      -1.970923895475448E-003
  0.861500000000000      -1.953905677749154E-003
  0.862000000000000      -1.936960238448819E-003
  0.862500000000000      -1.920087683185406E-003
  0.863000000000000      -1.903288116970821E-003
  0.863500000000000      -1.886561644201905E-003
  0.864000000000000      -1.869908368644403E-003
  0.864500000000000      -1.853328393416780E-003
  0.865000000000000      -1.836821820974018E-003
  0.865500000000000      -1.820388753091253E-003
  0.866000000000000      -1.804029290847395E-003
  0.866500000000000      -1.787743534608589E-003
  0.867000000000000      -1.771531584011654E-003
  0.867500000000000      -1.755393537947377E-003
  0.868000000000000      -1.739329494543761E-003
  0.868500000000000      -1.723339551149147E-003
  0.869000000000000      -1.707423804315284E-003
  0.869500000000000      -1.691582349780269E-003
  0.870000000000000      -1.675815282451439E-003
  0.870500000000000      -1.660122696388134E-003
  0.871000000000000      -1.644504684784408E-003
  0.871500000000000      -1.628961339951605E-003
  0.872000000000000      -1.613492753300900E-003
  0.872500000000000      -1.598099015325686E-003
  0.873000000000000      -1.582780215583941E-003
  0.873500000000000      -1.567536442680428E-003
  0.874000000000000      -1.552367784248878E-003
  0.874500000000000      -1.537274326934018E-003
  0.875000000000000      -1.522256156373559E-003
  0.875500000000000      -1.507313357180050E-003
  0.876000000000000      -1.492446012922683E-003
  0.876500000000000      -1.477654206108960E-003
  0.877000000000000      -1.462938018166309E-003
  0.877500000000000      -1.448297529423579E-003
  0.878000000000000      -1.433732819092467E-003
  0.878500000000000      -1.419243965248823E-003
  0.879000000000000      -1.404831044813899E-003
  0.879500000000000      -1.390494133535464E-003
  0.880000000000000      -1.376233305968871E-003
  0.880500000000000      -1.362048635457981E-003
  0.881000000000000      -1.347940194116052E-003
  0.881500000000000      -1.333908052806468E-003
  0.882000000000000      -1.319952281123445E-003
  0.882500000000000      -1.306072947372572E-003
  0.883000000000000      -1.292270118551333E-003
  0.883500000000000      -1.278543860329454E-003
  0.884000000000000      -1.264894237029238E-003
  0.884500000000000      -1.251321311605731E-003
  0.885000000000000      -1.237825145626856E-003
  0.885500000000000      -1.224405799253402E-003
  0.886000000000000      -1.211063331218962E-003
  0.886500000000000      -1.197797798809729E-003
  0.887000000000000      -1.184609257844253E-003
  0.887500000000000      -1.171497762653042E-003
  0.888000000000000      -1.158463366058122E-003
  0.888500000000000      -1.145506119352461E-003
  0.889000000000000      -1.132626072279324E-003
  0.889500000000000      -1.119823273011514E-003
  0.890000000000000      -1.107097768130533E-003
  0.890500000000000      -1.094449602605625E-003
  0.891000000000000      -1.081878819772756E-003
  0.891500000000000      -1.069385461313451E-003
  0.892000000000000      -1.056969567233592E-003
  0.892500000000000      -1.044631175842056E-003
  0.893000000000000      -1.032370323729315E-003
  0.893500000000000      -1.020187045745888E-003
  0.894000000000000      -1.008081374980744E-003
  0.894500000000000      -9.960533427395583E-004
  0.895000000000000      -9.841029785229169E-004
  0.895500000000000      -9.722303100043830E-004
  0.896000000000000      -9.604353630085033E-004
  0.896500000000000      -9.487181614886799E-004
  0.897000000000000      -9.370787275049698E-004
  0.897500000000000      -9.255170812017835E-004
  0.898000000000000      -9.140332407854628E-004
  0.898500000000000      -9.026272225017944E-004
  0.899000000000000      -8.912990406133876E-004
  0.899500000000000      -8.800487073769912E-004
  0.900000000000000      -8.688762330206712E-004
  0.900500000000000      -8.577816257209292E-004
  0.901000000000000      -8.467648915796815E-004
  0.901500000000000      -8.358260346011794E-004
  0.902000000000000      -8.249650566687868E-004
  0.902500000000000      -8.141819575217006E-004
  0.903000000000000      -8.034767347315304E-004
  0.903500000000000      -7.928493836788166E-004
  0.904000000000000      -7.822998975294079E-004
  0.904500000000000      -7.718282672107817E-004
  0.905000000000000      -7.614344813882191E-004
  0.905500000000000      -7.511185264409193E-004
  0.906000000000000      -7.408803864379772E-004
  0.906500000000000      -7.307200431142957E-004
  0.907000000000000      -7.206374758463579E-004
  0.907500000000000      -7.106326616279356E-004
  0.908000000000000      -7.007055750456617E-004
  0.908500000000000      -6.908561882545329E-004
  0.909000000000000      -6.810844709532768E-004
  0.909500000000000      -6.713903903596525E-004
  0.910000000000000      -6.617739111856125E-004
  0.910500000000000      -6.522349956123981E-004
  0.911000000000000      -6.427736032654958E-004
  0.911500000000000      -6.333896911895258E-004
  0.912000000000000      -6.240832138229961E-004
  0.912500000000000      -6.148541229729817E-004
  0.913000000000000      -6.057023677896722E-004
  0.913500000000000      -5.966278947408453E-004
  0.914000000000000      -5.876306475862072E-004
  0.914500000000000      -5.787105673516586E-004
  0.915000000000000      -5.698675923034251E-004
  0.915500000000000      -5.611016579221182E-004
  0.916000000000000      -5.524126968766561E-004
  0.916500000000000      -5.438006389981137E-004
  0.917000000000000      -5.352654112534385E-004
  0.917500000000000      -5.268069377190872E-004
  0.918000000000000      -5.184251395545337E-004
  0.918500000000000      -5.101199349756977E-004
  0.919000000000000      -5.018912392282379E-004
  0.919500000000000      -4.937389645607711E-004
  0.920000000000000      -4.856630201979577E-004
  0.920500000000000      -4.776633123135074E-004
  0.921000000000000      -4.697397440030512E-004
  0.921500000000000      -4.618922152569372E-004
  0.922000000000000      -4.541206229328906E-004
  0.922500000000000      -4.464248607285958E-004
  0.923000000000000      -4.388048191541439E-004
  0.923500000000000      -4.312603855044012E-004
  0.924000000000000      -4.237914438312439E-004
  0.924500000000000      -4.163978749157126E-004
  0.925000000000000      -4.090795562400328E-004
  0.925500000000000      -4.018363619595534E-004
  0.926000000000000      -3.946681628745546E-004
  0.926500000000000      -3.875748264019704E-004
  0.927000000000000      -3.805562165469808E-004
  0.927500000000000      -3.736121938745185E-004
  0.928000000000000      -3.667426154806452E-004
  0.928500000000000      -3.599473349638427E-004
  0.929000000000000      -3.532262023961703E-004
  0.929500000000000      -3.465790642943410E-004
  0.930000000000000      -3.400057635906617E-004
  0.930500000000000      -3.335061396038895E-004
  0.931000000000000      -3.270800280099553E-004
  0.931500000000000      -3.207272608126020E-004
  0.932000000000000      -3.144476663138898E-004
  0.932500000000000      -3.082410690846148E-004
  0.933000000000000      -3.021072899345940E-004
  0.933500000000000      -2.960461458828656E-004
  0.934000000000000      -2.900574501277551E-004
  0.934500000000000      -2.841410120168533E-004
  0.935000000000000      -2.782966370168633E-004
  0.935500000000000      -2.725241266833563E-004
  0.936000000000000      -2.668232786303990E-004
  0.936500000000000      -2.611938865000872E-004
  0.937000000000000      -2.556357399319509E-004
  0.937500000000000      -2.501486245322668E-004
  0.938000000000000      -2.447323218432400E-004
  0.938500000000000      -2.393866093120945E-004
  0.939000000000000      -2.341112602600313E-004
  0.939500000000000      -2.289060438510959E-004
  0.940000000000000      -2.237707250609128E-004
  0.940500000000000      -2.187050646453280E-004
  0.941000000000000      -2.137088191089205E-004
  0.941500000000000      -2.087817406734193E-004
  0.942000000000000      -2.039235772459899E-004
  0.942500000000000      -1.991340723874270E-004
  0.943000000000000      -1.944129652802140E-004
  0.943500000000000      -1.897599906964905E-004
  0.944000000000000      -1.851748789658858E-004
  0.944500000000000      -1.806573559432589E-004
  0.945000000000000      -1.762071429763067E-004
  0.945500000000000      -1.718239568730753E-004
  0.946000000000000      -1.675075098693412E-004
  0.946500000000000      -1.632575095958947E-004
  0.947000000000000      -1.590736590456936E-004
  0.947500000000000      -1.549556565409172E-004
  0.948000000000000      -1.509031956998918E-004
  0.948500000000000      -1.469159654039155E-004
  0.949000000000000      -1.429936497639540E-004
  0.949500000000000      -1.391359280872359E-004
  0.950000000000000      -1.353424748437187E-004
  0.950500000000000      -1.316129596324531E-004
  0.951000000000000      -1.279470471478191E-004
  0.951500000000000      -1.243443971456588E-004
  0.952000000000000      -1.208046644092810E-004
  0.952500000000000      -1.173274987153626E-004
  0.953000000000000      -1.139125447997217E-004
  0.953500000000000      -1.105594423229861E-004
  0.954000000000000      -1.072678258361338E-004
  0.954500000000000      -1.040373247459290E-004
  0.955000000000000      -1.008675632802295E-004
  0.955500000000000      -9.775816045318822E-005
  0.956000000000000      -9.470873003032782E-005
  0.956500000000000      -9.171888049350746E-005
  0.957000000000000      -8.878821500576293E-005
  0.957500000000000      -8.591633137603907E-005
  0.958000000000000      -8.310282202379419E-005
  0.958500000000000      -8.034727394349724E-005
  0.959000000000000      -7.764926866899669E-005
  0.959500000000000      -7.500838223778137E-005
  0.960000000000000      -7.242418515511365E-005
  0.960500000000000      -6.989624235805052E-005
  0.961000000000000      -6.742411317934586E-005
  0.961500000000000      -6.500735131122804E-005
  0.962000000000000      -6.264550476906741E-005
  0.962500000000000      -6.033811585491571E-005
  0.963000000000000      -5.808472112093484E-005
  0.963500000000000      -5.588485133269796E-005
  0.964000000000000      -5.373803143237915E-005
  0.964500000000000      -5.164378050181530E-005
  0.965000000000000      -4.960161172545619E-005
  0.965500000000000      -4.761103235318657E-005
  0.966000000000000      -4.567154366303584E-005
  0.966500000000000      -4.378264092375994E-005
  0.967000000000000      -4.194381335730982E-005
  0.967500000000000      -4.015454410117242E-005
  0.968000000000000      -3.841431017059758E-005
  0.968500000000000      -3.672258242069730E-005
  0.969000000000000      -3.507882550843029E-005
  0.969500000000000      -3.348249785445925E-005
  0.970000000000000      -3.193305160489230E-005
  0.970500000000000      -3.042993259289727E-005
  0.971000000000000      -2.897258030019986E-005
  0.971500000000000      -2.756042781845423E-005
  0.972000000000000      -2.619290181049697E-005
  0.972500000000000      -2.486942247147361E-005
  0.973000000000000      -2.358940348984775E-005
  0.973500000000000      -2.235225200828268E-005
  0.974000000000000      -2.115736858440519E-005
  0.974500000000000      -2.000414715144175E-005
  0.975000000000000      -1.889197497873612E-005
  0.975500000000000      -1.782023263213953E-005
  0.976000000000000      -1.678829393428162E-005
  0.976500000000000      -1.579552592471385E-005
  0.977000000000000      -1.484128881993312E-005
  0.977500000000000      -1.392493597327783E-005
  0.978000000000000      -1.304581383470352E-005
  0.978500000000000      -1.220326191043093E-005
  0.979000000000000      -1.139661272247307E-005
  0.979500000000000      -1.062519176803465E-005
  0.980000000000000      -9.888317478789873E-006
  0.980500000000000      -9.185301180032627E-006
  0.981000000000000      -8.515447049704434E-006
  0.981500000000000      -7.878052077294708E-006
  0.982000000000000      -7.272406022618210E-006
  0.982500000000000      -6.697791374464776E-006
  0.983000000000000      -6.153483309125655E-006
  0.983500000000000      -5.638749648792014E-006
  0.984000000000000      -5.152850819829558E-006
  0.984500000000000      -4.695039810925202E-006
  0.985000000000000      -4.264562131109307E-006
  0.985500000000000      -3.860655767649884E-006
  0.986000000000000      -3.482551143821821E-006
  0.986500000000000      -3.129471076547979E-006
  0.987000000000000      -2.800630733914789E-006
  0.987500000000000      -2.495237592559576E-006
  0.988000000000000      -2.212491394931926E-006
  0.988500000000000      -1.951584106426588E-006
  0.989000000000000      -1.711699872389961E-006
  0.989500000000000      -1.492014974997964E-006
  0.990000000000000      -1.291697790006999E-006
  0.990500000000000      -1.109908743376147E-006
  0.991000000000000      -9.458002677619856E-007
  0.991500000000000      -7.985167588844642E-007
  0.992000000000000      -6.671945317649510E-007
  0.992500000000000      -5.509617768351416E-007
  0.993000000000000      -4.489385159177140E-007
  0.993500000000000      -3.602365580776292E-007
  0.994000000000000      -2.839594553447568E-007
  0.994500000000000      -2.192024583069349E-007
  0.995000000000000      -1.650524715739384E-007
  0.995500000000000      -1.205880091116518E-007
  0.996000000000000      -8.487914944675441E-008
  0.996500000000000      -5.698749074136676E-008
  0.997000000000000      -3.596610573782227E-008
  0.997500000000000      -2.085949657314611E-008
  0.998000000000000      -1.070354946328634E-008
  0.998500000000000      -4.525489256783334E-009
  0.999000000000000      -1.343833857832249E-009
  0.999500000000000      -1.683485185017437E-010
   1.00000000000000       0.000000000000000E+000
